-152.1;26.1;-309.5;-40.8;-81.2;346;0.101572;-0.187966;-0.976909;-678.353;-0.376089;0.901857;-0.212628;302.558;0.920999;0.389002;0.0209115;-337.442;0;0;0;1;
59.7;189;-80.1;-157.4;324.8;-118.9;-0.862015;-0.46753;-0.195818;-349.829;-0.42695;0.461488;0.777652;633.553;-0.273208;0.753953;-0.597422;-58.7999;0;0;0;1;
288.6;354.2;6;264;243.5;7;0.126941;-0.119177;-0.984725;268.001;-0.977634;0.152797;-0.144519;1028.39;0.167686;0.981045;-0.0971149;486.659;0;0;0;1;
288;257.4;-90.1;-309.7;70.1;-42.3;-0.383831;0.398029;-0.833215;-249.164;-0.430617;-0.875363;-0.219794;-583.082;-0.816849;0.274433;0.50739;838.222;0;0;0;1;
78.9;-57.9;159.5;159.1;-297;-239.6;0.869569;-0.196388;0.45308;85.6177;0.170884;-0.741155;-0.649221;-301.272;0.463301;0.641967;-0.610926;313.439;0;0;0;1;
-331.6;-89;146.5;-281.1;87.4;282.5;0.896961;0.269734;0.350293;328.04;-0.288951;-0.242016;0.926248;-89.5273;0.334617;-0.932025;-0.139139;532.887;0;0;0;1;
282.2;-213;111.4;-158;-10.4;-66.6;0.835513;-0.544382;-0.0746056;-128.139;0.544637;0.838464;-0.0186724;-571.703;0.072719;-0.025032;0.997038;672.419;0;0;0;1;
83.2;-224.7;-72.5;306.4;256.6;-331.9;-0.461051;-0.320336;0.827536;52.987;0.101779;-0.945504;-0.309296;83.9565;0.881517;-0.0583751;0.468529;-398.415;0;0;0;1;
-46.7;184.5;285.6;223.2;92.1;-147.2;0.215556;-0.0328917;0.975937;-385.635;-0.320908;-0.946308;0.038986;-488.394;0.922255;-0.32159;-0.214537;-71.0649;0;0;0;1;
-321.9;-189.1;154.9;197.6;187.3;75.2;0.266692;0.776975;-0.57025;-140.634;0.866233;0.066147;0.495242;114.308;0.422511;-0.626047;-0.6554;578.018;0;0;0;1;
318.1;215.7;346.2;-38.3;151.9;73.5;0.407605;-0.117639;0.905549;-612.567;-0.855258;0.298318;0.423722;-584.55;-0.319988;-0.947189;0.0209839;884.171;0;0;0;1;
-115.8;74;77.7;212.8;276;284.5;0.7407;-0.614087;-0.27251;90.0286;0.309283;0.671757;-0.673117;-284.578;0.596412;0.414295;0.687497;-358.784;0;0;0;1;
-213.9;-143.7;-300.3;-69.1;-340.2;316.3;0.133295;0.922287;-0.362795;307.691;-0.971161;0.194566;0.137806;233.072;0.197684;0.333963;0.921623;1321.93;0;0;0;1;
-41;-26.8;-2;-258.3;-306.5;-270;0.218219;-0.958076;-0.185664;709.074;0.464254;-0.0654271;0.883282;699.124;-0.858399;-0.278944;0.430513;966.134;0;0;0;1;
-45.4;-268.4;-241.9;-250.6;146.5;305.4;-0.649335;-0.757102;0.0718387;-314.283;-0.40115;0.421232;0.813414;-259.096;-0.646098;0.49936;-0.577232;20.7853;0;0;0;1;
41.8;-38.3;18.3;-114.9;283.4;-189.9;0.520884;0.0398692;0.852696;767.349;-0.643102;-0.638544;0.422706;-591.196;0.561337;-0.768552;-0.306967;929.947;0;0;0;1;
175.8;-192.5;101.3;-106.6;237.6;-125.6;-0.851345;-0.488757;-0.190601;550.101;-0.133016;0.552558;-0.822792;-25.4127;0.507463;-0.675127;-0.53543;751.184;0;0;0;1;
-182.2;-336.4;90.8;-265.2;-188.3;-32.2;-0.468401;0.778009;-0.418691;-388.444;-0.805715;-0.570592;-0.158895;-25.1285;-0.362523;0.262919;0.89412;-237.135;0;0;0;1;
-309;130.8;158.2;49;232.5;211.8;-0.335755;0.283105;-0.898399;-201.166;0.342441;0.925191;0.163569;173.637;0.877498;-0.25273;-0.407584;441.881;0;0;0;1;
-3.8;-173;160.6;-28.4;-206.3;-195.8;-0.615782;-0.127491;-0.777534;-97.285;0.131381;0.956393;-0.260868;-23.5939;0.776886;-0.262791;-0.572179;567.642;0;0;0;1;
-225.9;52.7;125.9;9.6;297.9;49.3;-0.977383;0.0569915;0.203652;120.483;0.140182;0.89563;0.422133;140.982;-0.158339;0.441134;-0.883363;-163.78;0;0;0;1;
36.9;113.6;74;-221.9;-353;-191.3;0.510824;-0.427247;-0.746002;-630.629;0.608802;-0.432895;0.664802;481.735;-0.606975;-0.793765;0.0389759;-76.6147;0;0;0;1;
12.6;-318;-167.6;320.6;-223.2;-138.7;0.474935;0.480807;0.737062;170.204;0.774128;0.170065;-0.609757;-73.8682;-0.418524;0.860176;-0.291437;400.802;0;0;0;1;
-71.7;-314.9;352.1;303.8;94.1;81.8;0.720031;-0.197366;0.665283;320.888;0.401361;-0.663635;-0.631267;757.147;0.566096;0.721551;-0.398623;-312.065;0;0;0;1;
155.5;307.6;126;-186.8;-223.7;136.9;0.914133;0.151425;-0.376073;-526.388;-0.261171;0.929451;-0.260595;-248.842;0.310081;0.336438;0.88919;431.763;0;0;0;1;
-22.5;-89.6;-170.4;320.6;137.3;-232.6;0.965046;-0.178288;-0.192092;-40.6678;0.0453271;0.83545;-0.547695;-54.5164;0.25813;0.519844;0.814329;512.032;0;0;0;1;
-133;-185.9;241;301.1;-47.7;105.2;-0.0142649;0.343737;-0.938957;67.1347;0.964061;0.253884;0.0782965;-146.613;0.265299;-0.904095;-0.335005;-86.1441;0;0;0;1;
-250.3;182.1;4.5;-200.7;-0.2;141.3;0.829491;-0.445757;0.336519;383.574;-0.234329;0.269171;0.93415;1061.9;-0.506985;-0.853726;0.118821;454.682;0;0;0;1;
-122.1;145.3;186.4;-272.9;89;-222.3;0.193123;0.459936;-0.866696;-70.3303;-0.270084;-0.824281;-0.49761;-39.4965;-0.94327;0.33018;-0.0349664;353.721;0;0;0;1;
168.9;-258.4;302.5;-207.9;-85.1;-281.3;0.626394;-0.6362;0.450423;-263.423;-0.75176;-0.340241;0.564883;-12.9606;-0.206126;-0.692449;-0.691394;-537.129;0;0;0;1;
289;109.6;-153.7;-241.5;-72.7;343.6;0.1297;-0.227662;0.965064;136.253;-0.822084;0.519493;0.233035;192.073;-0.554397;-0.823588;-0.119779;246.079;0;0;0;1;
-256.9;154.4;-202.3;344.2;-47.4;-32.8;0.821611;-0.528109;0.214608;54.2879;0.536971;0.843372;0.0196248;156.206;-0.191358;0.0991141;0.976503;640.902;0;0;0;1;
-53.5;-80.5;-210.8;311;-63.9;149;0.745715;-0.654234;-0.126043;189.476;-0.0388426;-0.231547;0.972048;347.218;-0.665132;-0.719975;-0.19808;468.992;0;0;0;1;
-50.5;174;-65.8;-224.2;261.1;240.5;0.757651;0.638977;0.132941;-408.971;-0.145682;0.364124;-0.919886;-581.953;-0.636194;0.677585;0.368966;-130.875;0;0;0;1;
-229.3;-72.8;342.1;-286.9;79.3;-103.1;0.842236;0.102233;0.529328;-53.999;0.485869;0.281509;-0.827457;-181.959;-0.233604;0.954097;0.187425;1464.13;0;0;0;1;
-351;8.2;223.7;-144.6;126.8;-209;0.653193;0.725794;-0.21578;213.334;0.600063;-0.669985;-0.437086;-72.6846;-0.461804;0.15602;-0.873152;633.498;0;0;0;1;
-303.9;87.1;162.6;-146.2;-71.6;-244.9;0.164347;-0.591877;0.789095;-24.5839;0.972575;-0.0362487;-0.229749;113.024;0.164587;0.805213;0.569687;357.094;0;0;0;1;
38.2;235;-108.2;187.4;43.1;187.9;0.618593;-0.785186;0.0287358;-451.379;-0.776279;-0.616407;-0.132031;346.068;0.121382;0.0593661;-0.990829;345.923;0;0;0;1;
-166.5;352.6;1.8;-15;-231.6;-239.9;0.609393;0.544606;0.576233;-1012.6;0.627004;-0.775849;0.070181;259.989;0.48529;0.318532;-0.814267;495.398;0;0;0;1;
-134.6;-243.7;47.3;-152.6;-170.5;-233.5;-0.606032;0.398853;-0.688216;442.134;-0.786906;-0.17422;0.591968;-457.395;0.116208;0.900313;0.419443;-246.498;0;0;0;1;
-38.4;-304.3;134.7;-174.8;-88.9;-241.4;-0.924224;-0.375366;0.0700738;-130.373;0.38185;-0.908169;0.171523;-93.8595;-0.000745099;0.185284;0.982685;74.7;0;0;0;1;
-166.6;-175.5;205.8;213.2;-104.5;-225.9;-0.848687;-0.20985;0.485483;107.838;-0.512686;0.551924;-0.657673;-69.772;-0.129937;-0.807058;-0.575998;168.84;0;0;0;1;
328.3;293.8;226.3;-139.9;-21.7;-90.6;0.21656;-0.226794;-0.949561;-264.755;-0.772499;0.554922;-0.308717;-142.407;0.596948;0.800391;-0.0550239;698.372;0;0;0;1;
265.2;171.9;-98.1;-235.8;-203.2;-112.5;0.765155;-0.559685;-0.318262;4.86255;0.569136;0.819076;-0.0721003;-356.269;0.301034;-0.125966;0.945257;-89.4976;0;0;0;1;
-115.7;22.2;-138.9;291.6;86.8;-92.2;-0.695883;0.127077;0.706823;-65.884;0.606775;-0.422433;0.673331;306.535;0.38415;0.897442;0.216857;651.102;0;0;0;1;
275.3;-311.7;-36.5;-92.9;-269.2;91.9;-0.0342513;-0.102527;0.99414;161.127;0.177703;-0.979498;-0.0948943;896.247;0.983488;0.173411;0.0517684;-86.5992;0;0;0;1;
-117;-218.6;276.4;306;354.7;-188.2;0.9404;-0.0789326;-0.330782;23.2808;0.0960359;-0.871457;0.480978;-58.3738;-0.326227;-0.484078;-0.811938;-430.86;0;0;0;1;
297.3;180.1;322.8;163.6;257.4;-58.9;0.982217;-0.175036;0.0679062;-416.051;0.186071;0.859328;-0.476374;-859.805;0.025029;0.480539;0.876616;128.916;0;0;0;1;
290.2;162.6;330.2;-310.8;286.8;-233.1;0.0506592;-0.631435;0.773773;-223.314;-0.996894;-0.0787486;0.00100448;-781.158;0.0602992;-0.77142;-0.633463;-222.958;0;0;0;1;
-206;-189;6.3;15.1;319.8;-267;-0.371856;0.719766;0.586225;983.656;0.878483;0.068778;0.472797;491.865;0.299984;0.690801;-0.657878;203.434;0;0;0;1;
282.9;92.2;-218.6;-113.7;359.3;-270.6;-0.560319;0.815532;-0.144739;-84.5127;-0.626366;-0.531548;-0.570195;-366.873;-0.541948;-0.228832;0.808659;298.965;0;0;0;1;
338.2;-117.8;-129.2;111.7;-314.7;-134.6;0.82978;0.483196;-0.27926;-399.124;0.543203;-0.584456;0.602779;-103.99;0.128046;-0.651869;-0.747443;348.369;0;0;0;1;
140.8;342.7;-314.5;103.5;146.2;302.9;-0.391059;0.324231;0.861364;-727.812;-0.632983;-0.774155;0.00402983;-652.17;0.668136;-0.543653;0.507973;394.972;0;0;0;1;
261.8;76.3;-37.4;231.9;-17.3;-110.7;0.870983;-0.371016;-0.322081;-109.656;-0.12323;-0.799565;0.587802;622.269;-0.475608;-0.472275;-0.742127;-498.786;0;0;0;1;
216;136.7;-82.5;-137.8;-208.3;-265.6;-0.848195;0.373905;0.375181;72.7318;-0.355259;-0.92695;0.120642;-20.3888;0.392883;-0.0309585;0.919067;-308.402;0;0;0;1;
-187.5;291.8;186.6;-188.9;-181.9;43.1;-0.427796;0.755971;-0.495478;-58.5017;-0.848196;-0.525176;-0.0689489;-9.13796;-0.312336;0.390767;0.86588;519.353;0;0;0;1;
-99.5;-346.6;142.5;-11.5;-17.6;187.9;0.162197;-0.984706;0.063608;-13.5604;-0.64364;-0.154438;-0.749584;51.3459;0.747943;0.0806398;-0.658846;-25.0318;0;0;0;1;
214;-236.9;170.5;116.7;83.8;-43.4;0.408555;-0.892281;-0.192141;73.2285;0.178945;0.28473;-0.941758;-136.034;0.89502;0.350377;0.275997;439.201;0;0;0;1;
-83.3;-157.2;250.1;239.4;-285.4;-270.1;-0.405632;0.246696;0.880116;13.6463;0.913124;0.152387;0.378131;-448.585;-0.0408352;0.957037;-0.287077;77.8867;0;0;0;1;
-231.4;147.9;226.7;-96.6;227.3;235.6;0.106837;-0.0420808;0.993386;42.9975;-0.325312;0.942634;0.0749178;-39.6714;-0.939552;-0.331164;0.0870191;14.0164;0;0;0;1;
-2.2;-320.3;167.4;-318.4;-292;345.5;-0.995779;0.0836663;-0.0377444;-22.134;-0.089077;-0.781727;0.617226;48.5404;0.0221352;0.617982;0.78588;308.407;0;0;0;1;
84.7;-174.3;216.1;-132.9;174.3;-161.6;0.412908;-0.899981;-0.139786;-22.6243;0.696456;0.213101;0.685228;179.103;-0.586904;-0.380291;0.714788;196.513;0;0;0;1;
-305.1;28.2;-181.3;82.6;-358;262.6;-0.0376236;-0.87826;-0.476701;-12.6837;0.504913;-0.428373;0.749373;23.6164;-0.86235;-0.212498;0.459562;375.014;0;0;0;1;
256.4;-81.3;-254.7;3.6;-202;-322.9;0.553958;0.804694;0.213536;-124.625;0.0875567;0.198754;-0.976131;497.673;-0.827928;0.559432;0.0396448;778.263;0;0;0;1;
93.6;-216.1;185;-39.8;47.3;-90.5;0.743275;0.417655;-0.522596;-41.123;-0.372398;-0.390645;-0.841853;-63.0762;-0.555754;0.820342;-0.134823;355.668;0;0;0;1;
-164.3;-315;-193.6;-357;-273.4;-125.5;-0.689088;0.549002;-0.473028;-2.63319;-0.651701;-0.754937;0.0731819;-4.78284;-0.316929;0.358701;0.878003;314.009;0;0;0;1;
205.7;28.5;60.2;-81;112.9;-268.4;-0.82783;-0.176177;0.532597;-465.838;0.558533;-0.347408;0.753225;304.66;0.0523271;0.921015;0.385996;-349.891;0;0;0;1;
117.4;25;-23;296.2;-252.4;-21;-0.487998;-0.620435;-0.613937;-530.461;-0.730032;-0.0954289;0.676717;-877.636;-0.478446;0.77843;-0.406368;146.055;0;0;0;1;
55.9;-356.1;257.8;18.4;7.6;-304.3;-0.949478;0.312745;0.0261327;269.482;-0.311718;-0.949453;0.0370194;-391.542;0.0363894;0.0270031;0.998973;944.176;0;0;0;1;
-87.3;-258.9;-160.4;315;-81.5;104.1;0.686444;-0.0346904;-0.726355;-51.2257;-0.479517;0.729326;-0.488002;111.146;0.546679;0.683286;0.484007;349.323;0;0;0;1;
-135.6;-28.6;149.2;30.8;-168.3;93;0.909845;-0.138062;-0.391307;-234.751;0.344771;0.77628;0.527753;241.239;0.230901;-0.615084;0.753894;267.41;0;0;0;1;
122.5;254.6;338.8;-177.3;-186.5;91.6;0.851379;-0.444146;-0.279085;226.359;-0.524205;-0.739725;-0.42192;353.279;-0.0190518;0.505511;-0.86261;1262.25;0;0;0;1;
-228.5;148.2;-243.5;108.6;84.3;-135.9;0.293067;0.257011;0.9209;427.515;0.565194;0.730302;-0.383684;365.776;-0.771147;0.632933;0.0687662;620.114;0;0;0;1;
-272.5;357.4;-274.7;345.3;-127.1;92.9;-0.944723;0.229225;0.234424;46.9896;-0.327862;-0.655362;-0.680447;-738.188;-0.00234295;-0.719692;0.69429;-24.7585;0;0;0;1;
258.3;145.6;51.2;315.1;100.5;329.7;-0.104474;0.790294;0.603756;240.759;-0.71462;-0.48186;0.507079;-879.732;0.691667;-0.378479;0.615102;245.636;0;0;0;1;
59.2;182.1;-201.8;-294.5;-289.9;-10.1;0.198753;-0.164849;0.966086;46.3262;-0.782897;-0.619686;0.0553248;56.4529;0.58955;-0.767342;-0.252225;605.62;0;0;0;1;
15.7;192.6;-115.5;-5.6;-344.8;58;0.370675;-0.927548;-0.0474836;-362.565;-0.92874;-0.37054;-0.0119282;99.9108;-0.00653064;0.0485214;-0.998801;-52.7209;0;0;0;1;
303.2;-356;-153.9;-300.3;112.6;147.6;0.910285;-0.20184;-0.361444;36.9346;0.391938;0.139079;0.909418;174.067;-0.133288;-0.969494;0.20571;606.248;0;0;0;1;
-219;200.1;2.1;-133.7;42.6;235;-0.91498;0.180572;0.360839;801.001;0.380941;0.0917606;0.920035;694.304;0.133022;0.979272;-0.152747;741.985;0;0;0;1;
176.4;-202;20.6;-132.5;330.3;338.3;-0.421286;-0.140517;0.895976;1078.3;-0.371745;-0.874363;-0.311921;39.5172;0.827239;-0.464482;0.31612;170.206;0;0;0;1;
-305.7;29.4;17.6;-147.4;-47.9;87.7;0.903825;0.277677;0.325569;543.161;0.207582;-0.949854;0.233852;-704.847;0.374178;-0.143779;-0.916143;-302.143;0;0;0;1;
202.5;185.1;-79.8;-273.1;-180.6;-207.3;0.711529;-0.657343;-0.248248;567.156;0.692729;0.715418;0.0911266;-234.587;0.117699;-0.236808;0.964401;19.639;0;0;0;1;
2.2;-237.4;-203.3;65.5;-320.5;269.3;-0.877189;-0.248065;0.411101;-193.533;0.458816;-0.685423;0.565405;53.6657;0.141521;0.684587;0.715061;499.732;0;0;0;1;
-146.9;-179.5;-33.5;215.2;-95.9;-351;-0.808661;-0.588082;-0.0150612;792.732;0.442484;-0.591182;-0.674323;-573.334;0.387654;-0.551963;0.738283;155.279;0;0;0;1;
-52.6;-279.6;-335.8;328;-52;354.6;0.0722647;0.99665;-0.0382925;8.16982;0.766541;-0.0309347;0.64145;66.3288;0.638117;-0.0757069;-0.766208;-720.244;0;0;0;1;
163.4;-140.5;23.9;-321.9;72.1;193.3;-0.371437;0.864261;-0.339247;612.796;-0.490162;-0.492853;-0.718914;131.259;-0.788527;-0.100745;0.606692;1250.87;0;0;0;1;
125.8;-228.2;18.3;-314;-141.3;54.9;-0.11923;-0.445132;-0.887492;383.78;0.248058;0.852166;-0.460739;595.925;0.96138;-0.275084;0.00881482;-300.921;0;0;0;1;
-304.1;78.1;34.7;-147.4;-216.4;74.2;0.9014;0.400678;0.164118;-1.92944;-0.101543;0.564087;-0.819448;-42.9121;-0.420912;0.721985;0.549155;-592.274;0;0;0;1;
339.1;-3.3;112;-54.5;-291;233.3;-0.623223;-0.716364;-0.313713;396.843;0.0720911;0.346811;-0.93516;87.9099;0.778714;-0.60543;-0.164497;-79.7367;0;0;0;1;
-45.4;16.4;313.7;-21.2;-158.5;-241.2;0.313698;-0.540063;-0.780977;633.014;-0.612731;0.513187;-0.600999;656.513;0.725365;0.667061;-0.169927;517.47;0;0;0;1;
-26.7;222.2;-21.6;214.5;260.3;267.7;0.510652;0.846859;0.148543;-779.324;-0.662289;0.277266;0.696058;-342.561;0.548277;-0.453821;0.702452;978.86;0;0;0;1;
-95.1;26.1;-320.6;283.2;-70.7;-244.6;0.257895;0.20172;-0.944881;-143.406;0.96597;-0.0738703;0.247881;789.146;-0.0197962;-0.976654;-0.213906;-317.086;0;0;0;1;
-164.8;-14.8;193.5;230;55;194.3;-0.614779;0.349196;0.707184;5.8952;0.77431;0.437722;0.456993;49.1137;-0.14997;0.82853;-0.539488;452.761;0;0;0;1;
-198.7;34;-169.1;273.3;339.5;-242.8;0.535259;-0.38367;0.752526;-34.9413;0.685066;0.718357;-0.121027;-42.8339;-0.494148;0.580311;0.647346;478.233;0;0;0;1;
3.7;-66;-9.2;-185.4;130.1;192.4;0.375415;-0.237737;-0.895848;279.203;-0.295611;-0.946779;0.127374;-13.5237;-0.878452;0.217004;-0.425713;1384.07;0;0;0;1;
-66.6;320.6;54.5;129;32.2;-188.1;-0.838172;0.544988;-0.0213527;380.822;-0.0758141;-0.0776507;0.994094;962.579;0.540111;0.83484;0.106402;667.505;0;0;0;1;
-106.1;297.1;55.2;-66.7;77.4;344.5;-0.552758;0.276237;0.786226;-154.729;0.83268;0.220693;0.507877;792.448;-0.0332202;0.935408;-0.352007;977.086;0;0;0;1;
-94.1;272.7;-173.2;-260.6;-0.2;241.8;-0.387146;0.921894;0.0151214;0.791907;0.908663;0.384268;-0.163307;-14.2114;-0.156362;-0.0494833;-0.986459;366.804;0;0;0;1;
293.7;161.1;-84.3;341.9;-68.4;-104.8;-0.945706;-0.30615;0.109144;-132.17;0.0542251;0.182484;0.981712;-244.608;-0.320468;0.93433;-0.155975;-288.561;0;0;0;1;
316.3;295.3;46.4;-53;-250.2;-326.4;0.860643;-0.292726;0.416659;566.6;0.0488032;-0.767063;-0.639712;460.878;0.506864;0.570898;-0.645882;1052.06;0;0;0;1;
356.6;-99.5;354.3;51;-330.6;-116.4;-0.432825;-0.900289;0.0462811;-232.371;0.838635;-0.383289;0.387016;15.1359;-0.330687;0.206323;0.920911;1513.61;0;0;0;1;
80.2;-219.5;-179.3;-224.7;73.9;115.3;0.719751;-0.293945;0.628931;46.1209;0.104168;0.941409;0.320778;51.5731;-0.686372;-0.165366;0.7082;449.667;0;0;0;1;
-240.2;339.8;-114.9;-53.4;296.4;244.9;0.177247;0.174194;0.968628;-1.63328;-0.472731;-0.848167;0.239034;-121.512;0.863197;-0.500269;-0.0679883;927.55;0;0;0;1;
-314.4;87.3;46;-38.7;-73.7;337.6;0.735795;0.0443758;0.675748;-138.582;-0.094193;-0.981445;0.167014;211.563;0.670621;-0.186539;-0.717963;-615.412;0;0;0;1;
216.5;-117.5;272.8;-239.9;46.7;239.9;-0.495679;0.868492;0.00498772;552.404;0.537749;0.311412;-0.783485;-471.299;-0.682003;-0.385675;-0.621391;599.373;0;0;0;1;
-206.3;43.3;-219.7;-212.1;311.5;-333.1;-0.609464;0.696192;0.379303;105.301;-0.383117;-0.67748;0.627887;86.9684;0.6941;0.237357;0.679623;69.1491;0;0;0;1;
-111.2;31.6;-192.5;-73.3;167;98.6;0.242631;-0.960409;-0.13691;-12.7525;-0.218196;-0.191537;0.956924;80.0274;-0.945262;-0.202306;-0.25603;222.774;0;0;0;1;
-318.1;144;-64.5;-72.9;307.8;-270.9;0.506301;-0.408217;0.759617;-161.689;-0.842533;-0.421948;0.334812;227.866;0.183842;-0.809518;-0.557569;-474.033;0;0;0;1;
-330.9;353.4;176.4;75.1;-45.3;319.9;0.412809;-0.0151586;-0.910692;-2.09397;-0.634644;-0.721968;-0.275662;-61.8356;-0.653311;0.691761;-0.307655;313.836;0;0;0;1;
-90.2;-331.7;-300.5;-320.2;-211.6;106.2;0.889383;0.310548;-0.335495;-28.1586;-0.437696;0.790297;-0.428781;535.05;0.131984;0.528195;0.838803;-312.541;0;0;0;1;
279.7;-57.8;-210.6;277.2;-52.7;-259.1;0.390479;0.511854;-0.7652;-4.69571;0.902806;-0.375588;0.209463;354.117;-0.180185;-0.772618;-0.608765;309.713;0;0;0;1;
304.1;196.1;-10.3;328.8;-237.3;-203.4;0.459641;-0.542623;0.703058;-518.936;0.54183;0.798573;0.262108;-833.44;-0.703669;0.260462;0.661067;622.672;0;0;0;1;
67.3;-338.1;157.8;220.1;-51;105.6;0.501503;-0.837422;0.217299;28.8119;0.433919;0.460758;0.77422;34.9713;-0.748471;-0.293983;0.594445;200.621;0;0;0;1;
309.2;-164.7;98.9;-17.3;270.5;270.8;-0.573204;-0.256593;-0.778201;-274.039;0.808632;-0.330679;-0.486586;-300.244;-0.13248;-0.908191;0.397036;1063.74;0;0;0;1;
-57.5;-322.6;299.2;2;-282.8;304.8;-0.448743;0.846289;0.287097;521.64;0.81724;0.258628;0.515005;823.218;0.361592;0.465732;-0.807679;231.426;0;0;0;1;
-251.9;356.9;-113.1;-245.2;274;51.5;-0.0144266;0.251394;-0.967777;-178.236;-0.971182;-0.233805;-0.046257;-313.749;-0.2379;0.939221;0.247523;897.641;0;0;0;1;
-144.3;75.3;-112.5;205.4;44;10.3;-0.989486;-0.143882;0.0146416;-450.807;0.139776;-0.925398;0.352279;353.217;-0.0371374;0.350622;0.93578;272.613;0;0;0;1;
219.3;328.6;32.2;17;188.6;198.4;-0.13492;-0.595472;0.791966;-725.704;0.0739952;-0.803097;-0.591236;593.975;0.98809;-0.0211681;0.152416;735.408;0;0;0;1;
339.8;-5.1;-326.4;78.7;337.6;161.3;-0.197716;0.326412;0.924318;1059.36;0.773999;0.630605;-0.0571287;361.285;-0.601527;0.704125;-0.377323;203.428;0;0;0;1;
-153.4;-222.8;198.8;-357.1;139.2;276;-0.511262;-0.778139;0.364844;-33.3576;-0.859415;0.460892;-0.221323;12.9688;0.00406586;-0.426707;-0.904381;189.005;0;0;0;1;
307.8;104.5;130.1;-308.2;219.3;-98.8;-0.866368;-0.15511;0.474707;-232.261;-0.277164;0.940057;-0.198678;-366.171;-0.415434;-0.3037;-0.857427;187.653;0;0;0;1;
103.3;292.2;193.7;350.9;137.6;-122.3;0.779421;0.621498;-0.0790147;2.58267;-0.609921;0.781558;0.131012;45.4723;0.143178;-0.0539204;0.988227;559.497;0;0;0;1;
-141.7;-146;-296.6;107.7;231;109.2;-0.830227;0.438596;0.344029;344.223;0.543662;0.500817;0.673509;-200.204;0.123103;0.746201;-0.654239;1176.07;0;0;0;1;
-196.8;210.8;321.3;-163.2;-213.4;298.8;-0.040543;0.412615;-0.910003;848.242;0.985929;-0.131302;-0.103461;266.555;-0.162174;-0.901393;-0.401486;546.74;0;0;0;1;
215.4;-149.6;-284.1;-88.7;-146.6;72.3;0.939038;-0.324141;-0.114628;271.294;-0.326649;-0.737092;-0.591604;-249.005;0.107272;0.592982;-0.798039;1123.46;0;0;0;1;
-172.8;-198.9;-183.3;174.5;-289.9;-324;-0.891493;0.452347;0.0249382;42.1927;-0.452494;-0.886398;-0.0977141;-14.1152;-0.0220955;-0.0983959;0.994902;524.176;0;0;0;1;
293;173.5;328.2;126.6;164.3;-37.1;-0.0757342;-0.988385;0.131758;-343.9;0.4844;0.0790288;0.87127;-771.132;-0.871563;0.129808;0.472788;24.1907;0;0;0;1;
221.5;239.8;176.9;284.9;-12.6;-94.9;0.494046;-0.649541;-0.577941;-88.1625;-0.665548;-0.710255;0.229311;53.914;-0.559432;0.271357;-0.783199;410.475;0;0;0;1;
-108.8;150.6;333.1;-147.6;204.6;336.9;0.541755;-0.79354;-0.27712;208.586;0.839253;0.528895;0.126192;-668.85;0.0464292;-0.300939;0.952512;-249.203;0;0;0;1;
-351.7;-82.9;-172.8;-275.8;188.4;40.6;-0.562502;-0.791624;0.238587;18.9374;0.774739;-0.605439;-0.182272;-14.8201;0.288741;0.0823142;0.953862;524.564;0;0;0;1;
13.7;232.9;58.9;190.5;-95.5;129.1;0.335485;0.302679;0.892096;-79.7688;0.716387;-0.696925;-0.0329472;33.2474;0.611751;0.650139;-0.450643;1301.41;0;0;0;1;
83.7;-162.6;-57.5;-91;324.1;324;0.636354;0.573309;0.516111;-55.8341;0.0909594;-0.72016;0.68782;930.828;0.766016;-0.390752;-0.510424;171.317;0;0;0;1;
89.2;185.5;60.9;-236.8;-32.4;265.5;-0.502305;-0.740061;-0.447213;-46.3421;0.808031;-0.585874;0.0619497;774.828;-0.307857;-0.330245;0.892279;982.952;0;0;0;1;
-114.5;218.8;56;-141.5;288.5;-242.3;-0.287725;0.430332;-0.855587;98.0162;-0.820833;0.349446;0.451798;-334.79;0.493404;0.832287;0.252686;1285.81;0;0;0;1;
-164.7;296.8;-107.9;22.6;-339;-279.6;0.279101;-0.52855;0.801709;293.456;0.928124;-0.0657035;-0.366427;-94.7896;0.24635;0.846356;0.472222;982.831;0;0;0;1;
280.4;-108.1;170.5;-20.7;-277.7;-285;0.958095;0.19612;0.208786;37.7799;0.28175;-0.513688;-0.810396;53.5731;-0.0516841;0.835262;-0.547418;448.605;0;0;0;1;
325.6;23.2;-87.6;-92;149.5;-123.6;0.277121;0.960378;-0.0296456;599.552;0.734225;-0.231564;-0.638194;363.342;-0.619772;0.15509;-0.769304;597.921;0;0;0;1;
-270.9;-121.4;279.2;7.2;1.8;-113.3;0.959904;0.280215;-0.00802024;-9.74627;0.104708;-0.331853;0.937502;803.62;0.26004;-0.900751;-0.347888;624.36;0;0;0;1;
-87.4;247.4;322.7;185.8;323.1;251.1;0.953587;0.290512;-0.0792161;-37.5781;-0.297764;0.870593;-0.391668;-687.815;-0.0448193;0.397077;0.91669;1214.84;0;0;0;1;
303.5;-201.6;187.9;-307.3;38.2;66.1;0.877118;-0.477002;0.0559779;2.0567;-0.132636;-0.128559;0.982792;75.0609;-0.461598;-0.869449;-0.176029;336.216;0;0;0;1;
-226.8;-41.5;318;303.7;297.8;257.6;-0.276332;0.474266;0.83589;-252.84;-0.956634;-0.219132;-0.191917;-358.118;0.0921508;-0.852674;0.514253;1327.2;0;0;0;1;
-341.4;263.3;-222.1;-68.9;-331.6;287.4;-0.207332;0.903732;0.374541;379.318;0.691745;0.406158;-0.597097;-166.902;-0.691739;0.13529;-0.709362;586.017;0;0;0;1;
24.7;334.8;-194.1;-199;-18.1;25;-0.299794;0.370429;-0.879151;70.4464;0.269338;0.916913;0.294495;-41.2586;0.915194;-0.148501;-0.374656;256.417;0;0;0;1;
-95.1;254.5;-230.5;-132.4;-62.6;-267.5;-0.685803;0.287418;-0.668629;-85.7768;0.28243;0.95182;0.119467;365.629;0.670752;-0.10691;-0.733936;703.369;0;0;0;1;
335.9;-261.9;-251.9;20.9;-209.2;146.3;0.454612;-0.333189;0.826022;-418.655;-0.648357;0.512081;0.563388;-173.425;-0.610705;-0.79168;0.016773;45.2834;0;0;0;1;
304.2;-76;322.1;119.4;-275.1;259.8;-0.0127515;-0.148493;-0.988831;-125.142;-0.857237;-0.507475;0.0872619;-61.221;-0.514765;0.848775;-0.120822;1389.83;0;0;0;1;
16.9;-256.5;20.3;12;-108.2;-94.1;0.42713;0.316399;0.847025;-282.234;0.88554;0.0429017;-0.462577;69.8189;-0.182698;0.947656;-0.26186;-611.692;0;0;0;1;
-60.6;133.8;-262.1;-37.5;294.8;79.8;0.435732;0.151635;-0.887212;-419.228;-0.72429;-0.526127;-0.445639;-652.724;-0.534361;0.836778;-0.119423;367.955;0;0;0;1;
204.7;-160.3;-168.5;334.2;-75.5;128.9;-0.245992;-0.570279;-0.783754;-22.6729;0.958616;-0.26271;-0.10972;-28.0678;-0.143329;-0.77831;0.611303;399.851;0;0;0;1;
284;-99.7;227;249.3;281.3;-342.2;-0.0954853;-0.144886;-0.98483;-163.809;0.787157;0.594605;-0.163796;-356.508;0.609317;-0.790856;0.0572717;525.14;0;0;0;1;
-107.2;225.4;-201;-145.2;-15.3;-116.1;0.924788;0.0525742;-0.376832;-64.4172;0.324817;-0.624864;0.709957;164.916;-0.198144;-0.778961;-0.594944;569.371;0;0;0;1;
331.8;218.8;-155.3;-8;-129.2;-46.3;-0.941274;-0.144622;0.305102;-108.704;0.235854;-0.928243;0.28764;-48.9719;0.24161;0.342708;0.907841;377.23;0;0;0;1;
115.2;27.4;-272.6;213.1;207.1;239.5;-0.0606977;-0.975867;0.209763;-126.371;0.986943;-0.0900871;-0.133522;-314.744;0.149196;0.198919;0.968593;-262.227;0;0;0;1;
-67.2;51.8;296.4;-18.5;-116.9;-139.2;-0.424874;-0.753713;-0.501397;296.627;0.868939;-0.184258;-0.459341;763.273;0.253824;-0.630846;0.733217;160.722;0;0;0;1;
327.7;-193;121.1;51.8;273.6;-100.5;-0.897426;-0.437208;-0.0589563;-337.026;0.160973;-0.200094;-0.966463;-289.139;0.410749;-0.876819;0.249948;794.825;0;0;0;1;
-73.2;-193.7;342.2;85.9;21.1;-176;-0.803797;0.140521;-0.578069;-318.571;0.565512;0.482132;-0.669137;-953.128;0.184678;-0.864756;-0.467003;-69.6374;0;0;0;1;
187;-7.2;260.1;248.9;344.9;348.1;-0.681359;0.713647;0.162659;-379.237;-0.726399;-0.63197;-0.270107;23.523;-0.0899657;-0.302195;0.948991;1027.82;0;0;0;1;
-157.4;-42.8;-127.4;-212.8;-189.8;-280.4;-0.39189;-0.151889;-0.907387;-1.57521;-0.837581;0.466949;0.283578;-9.14071;0.380631;0.871142;-0.310212;809.815;0;0;0;1;
243.9;-39.8;131.4;180.2;301.8;-345.5;-0.0136513;-0.924323;0.381367;-180.07;-0.547666;-0.312193;-0.776271;364.375;0.836585;-0.219459;-0.501959;203.056;0;0;0;1;
-319.1;126.6;-321.3;19.3;-181.7;312.3;0.517843;-0.443895;0.731297;-543.283;0.770707;-0.128928;-0.624009;474.58;0.371279;0.886755;0.275348;-190.397;0;0;0;1;
136;105.2;-241.5;118.1;-311.8;139.6;0.0605917;0.198357;0.978255;450.017;-0.986085;0.163895;0.0278444;361.452;-0.154808;-0.96633;0.205527;207.763;0;0;0;1;
159.4;92.4;349.7;-83.4;-18.7;334.5;0.662514;-0.747612;-0.046382;-105.87;-0.710171;-0.607231;-0.35627;-65.5399;0.238187;0.268973;-0.933231;-739.217;0;0;0;1;
-95.4;41.1;-211.2;137.2;188.3;-41;-0.020373;-0.999774;0.00608566;6.49067;-0.0686643;0.00747172;0.997612;13.8496;-0.997432;0.0199065;-0.068801;81.66;0;0;0;1;
216.8;72.2;279.2;-154.6;-107.7;78.1;-0.296175;-0.949;-0.108072;-570.203;-0.848274;0.313354;-0.426896;384.207;0.43899;-0.0347612;-0.89782;-91.4614;0;0;0;1;
-140.1;-209.5;-155.4;-101.4;169.8;23;0.430209;-0.252385;0.866731;32.7489;0.696274;-0.518323;-0.496533;-9.70325;0.574564;0.817095;-0.0472577;198.222;0;0;0;1;
-291.9;-197.1;345.4;-173.4;138.3;-326.5;0.402781;0.868152;0.289964;-321.47;0.282912;0.1832;-0.941487;788.719;-0.870476;0.461248;-0.171821;-76.7123;0;0;0;1;
183.5;-62.4;125.9;173.1;214.2;324.4;-0.428173;-0.245416;0.869735;-475.214;0.523666;-0.851745;0.0174626;32.6608;0.736507;0.462927;0.49321;490.301;0;0;0;1;
4.7;336;5.4;153.5;-29.7;-166.3;0.19192;-0.269192;0.94377;1084.56;0.149195;-0.942467;-0.29916;-107.416;0.970004;0.198221;-0.140716;816.402;0;0;0;1;
329.7;-173;123.1;248.8;32.4;232.6;0.572153;0.565638;0.593881;-147.047;-0.553554;0.800636;-0.229259;-133.278;-0.60516;-0.197575;0.771197;946.711;0;0;0;1;
-175.9;109.5;-337;28.7;225.4;50;0.284138;0.307455;-0.908151;410.755;0.433199;0.803829;0.407674;-1.61667;0.855339;-0.509245;0.0952093;-522.934;0;0;0;1;
268.9;293.5;70.2;254.2;337.3;-151.6;0.902393;-0.174672;-0.393925;-48.8037;0.347031;-0.24735;0.904648;833.859;-0.255454;-0.953052;-0.162591;905.281;0;0;0;1;
287.7;17.9;3.2;-89.2;-311.9;-285.5;0.00588683;0.441493;0.897246;388.593;0.555407;-0.747581;0.364206;1031.02;0.831558;0.496192;-0.249609;56.5468;0;0;0;1;
-124.9;-90;-309.6;240.6;-296.6;20.7;-0.774016;0.197501;0.601576;-182.155;0.16946;-0.850829;0.497367;366.58;0.610068;0.486913;0.625086;1364.14;0;0;0;1;
291.5;250.3;64.9;-88.3;139.1;-262.7;-0.340527;-0.840086;0.422252;96.4529;-0.687044;-0.0842625;-0.721714;103.62;0.641882;-0.535869;-0.548482;1271.58;0;0;0;1;
-215.8;323.2;64;-335.5;-151;-70.7;0.638588;0.684772;0.351131;-740.769;-0.746422;0.440141;0.499129;-513.844;0.187243;-0.580829;0.792198;596.198;0;0;0;1;
-68.3;-242.1;-280.1;-358.2;-348;274.5;-0.94111;-0.083342;-0.327667;-299.783;0.323261;-0.505769;-0.799813;-749.96;-0.0990656;-0.858634;0.502925;71.6151;0;0;0;1;
-149.8;157;-67.7;213.4;285;-162.3;0.154334;0.890483;0.428044;421.999;0.361574;0.352277;-0.863229;-294.691;-0.919481;0.287995;-0.267608;-355.827;0;0;0;1;
287.9;-200;107.7;195.5;257.8;171.2;-0.159293;0.986265;0.0436718;-166.801;0.180719;-0.0143581;0.98343;-452.152;0.97055;0.164546;-0.17595;707.748;0;0;0;1;
-143.9;46.4;61.4;138.3;318.1;-302.4;0.355601;-0.428649;0.830547;-165.31;-0.715087;-0.696981;-0.0535487;166.36;0.601829;-0.574871;-0.554369;-550.522;0;0;0;1;
92.8;319.6;238;-203.3;344.1;304.3;-0.981621;0.178551;-0.0673766;-2.12175;-0.151379;-0.513516;0.844622;117.608;0.116209;0.839298;0.531107;927.003;0;0;0;1;
86.1;-84.3;-297.9;23.2;-225.2;291.4;0.968197;-0.0128379;0.249859;58.5386;-0.123172;-0.893728;0.431368;-511.588;0.217768;-0.448425;-0.866886;1112.02;0;0;0;1;
-62.4;-15;88.3;87.2;-304.4;13.2;0.512529;-0.531168;-0.674666;292.526;-0.223716;-0.841178;0.492312;701.491;-0.829015;-0.10139;-0.549959;18.6778;0;0;0;1;
284.9;200.7;30.5;32.5;36.2;-71.8;-0.81605;0.468624;-0.338312;-244.31;-0.48667;-0.872877;-0.0351886;-825.778;-0.311795;0.13593;0.940376;1049.93;0;0;0;1;
-299.2;109.5;191.9;-20.5;-112.3;149.9;-0.309389;0.935406;-0.171154;23.6001;-0.176401;0.120406;0.976926;11.2131;0.934431;0.332442;0.127754;340.313;0;0;0;1;
37.1;340.5;109.4;-227.7;-222.8;-49.4;0.610214;0.432157;0.663987;523.783;-0.659358;0.741657;0.123252;-345.786;-0.439187;-0.513015;0.737516;132.136;0;0;0;1;
-283.5;80.5;83.6;355.9;320.9;218.4;0.405763;0.909938;-0.0858411;-91.9886;0.770303;-0.289916;0.567963;403.745;0.491924;-0.296582;-0.818565;-392.238;0;0;0;1;
287.2;-101.5;-299.5;15.5;202.9;333.4;-0.572584;0.800316;-0.177883;67.1323;0.362312;0.0523777;-0.930584;192.574;-0.735444;-0.597287;-0.319955;1286.38;0;0;0;1;
245.9;127.7;174.1;-83.7;-199.9;-292.6;0.697718;-0.515649;0.497289;70.6537;-0.433142;-0.856573;-0.280482;-92.735;0.570595;-0.0196989;-0.820996;347.327;0;0;0;1;
61.8;-281.8;176.9;-106.4;57.7;281.9;0.273198;0.372095;-0.887078;-83.5391;-0.86853;0.491847;-0.0611742;18.7463;0.413544;0.787167;0.457547;377.162;0;0;0;1;
260.7;312;262.3;-132.7;-275.8;256.7;0.570362;0.193415;0.798297;70.7447;0.684882;-0.648519;-0.332204;-75.5179;0.453457;0.736216;-0.502357;1036.32;0;0;0;1;
35.1;-342.1;-165.7;335.9;-346.3;-204.8;0.000958439;0.776754;-0.629804;35.1788;-0.909461;0.262541;0.322416;-34.484;0.415787;0.572473;0.706679;529.922;0;0;0;1;
51.4;301;-89.1;112;-186.4;-246.3;0.329732;-0.735959;0.591305;-41.7153;-0.461857;-0.672014;-0.578866;64.8869;0.823387;-0.0822276;-0.561492;1077.98;0;0;0;1;
-57.5;-300.6;98.6;-243.5;-167;115.9;-0.268287;0.722137;0.637605;-32.8492;-0.376608;-0.687819;0.620541;-81.6355;0.886673;-0.0736442;0.456495;-270.635;0;0;0;1;
-176.1;112;194.1;218.1;222.8;-108.3;-0.701082;0.71246;-0.0297374;-92.2413;0.657887;0.630167;-0.412401;-27.577;-0.27508;-0.308691;-0.910517;244.998;0;0;0;1;
139.9;-19.4;-156.3;-100.7;207.9;-214.9;0.844552;0.372785;-0.3844;-58.7188;-0.359092;-0.138236;-0.923008;-99.1254;-0.397222;0.917563;0.0171162;592.175;0;0;0;1;
-204;-259.8;-196.9;-152.5;-284;-183.2;0.0896342;-0.776276;0.623988;203.509;0.1123;0.630392;0.768111;128.52;-0.989623;0.00122475;0.14368;368.534;0;0;0;1;
-140.1;127.5;335;130.8;-263.4;-211.5;0.0356262;-0.150566;-0.987958;220.855;-0.375826;0.913998;-0.152847;-262.265;0.926005;0.376746;-0.0240246;-557.602;0;0;0;1;
101.7;39.1;-294.8;-302.6;155.7;-101.8;0.175558;0.924248;0.339037;-46.8141;-0.972496;0.216362;-0.0862521;-363.463;-0.153073;-0.314569;0.936811;-386.052;0;0;0;1;
173.4;196.8;227.4;7.4;54.8;90.1;0.000665898;0.874676;0.484707;291.466;0.998529;0.0256996;-0.0477479;25.4469;-0.0542207;0.484025;-0.873372;43.4284;0;0;0;1;
116.4;-308.2;-289.4;320.1;-48.8;135.8;-0.654685;0.655064;0.377198;-23.7611;0.5671;0.755573;-0.327883;-133.706;-0.499785;-0.000751299;-0.866149;-562.562;0;0;0;1;
-254.9;107.2;236;-234.6;171.9;169.2;-0.678054;-0.637855;0.365217;-60.6005;0.107399;0.405573;0.907731;-257.872;-0.727123;0.654715;-0.206496;31.2798;0;0;0;1;
-57.7;-328.2;-63.4;-225.6;19.8;33.2;0.542007;-0.825295;0.15848;505.215;0.524862;0.479721;0.703127;834.617;-0.656313;-0.29792;0.693179;458.089;0;0;0;1;
-77;-238.5;289.6;-11.8;-323.9;85.2;0.991234;0.021969;0.130282;29.1666;0.0184345;-0.99943;0.0282741;82.7176;0.130828;-0.0256245;-0.991074;-534.955;0;0;0;1;
103.6;209.5;-220.9;-171.9;-285.9;51.2;0.633163;0.759085;-0.151308;-19.6204;-0.771621;0.634399;-0.0462583;-39.3204;0.060876;0.146042;0.987404;889.446;0;0;0;1;
278.2;47.7;103;206;-135.1;-305.9;-0.442954;-0.857486;-0.261742;-24.9693;0.78731;-0.511696;0.343964;-1.50996;-0.428876;-0.0537121;0.901765;-224.726;0;0;0;1;
-161.1;-172.8;18.5;292.1;-47.3;-169.6;0.62209;-0.627511;0.468223;991.665;0.366461;-0.29511;-0.882392;-400.523;0.691889;0.720513;0.0463735;667.055;0;0;0;1;
101.3;112.2;-137.8;255.1;246.6;99.2;0.366131;0.152986;0.917902;22.226;0.204753;-0.975464;0.0809086;-252.223;0.907758;0.15832;-0.388472;103.441;0;0;0;1;
-214.5;-190.5;77.9;-285;14.9;114.1;-0.700129;0.594118;0.396033;655.257;-0.657529;-0.752696;-0.0332417;422.114;0.278343;-0.283677;0.917634;835.38;0;0;0;1;
17.4;335.7;-179.3;156.5;-196.3;-248;0.0357902;-0.238809;0.970407;151.161;0.72626;-0.660812;-0.189406;-38.385;0.686488;0.711546;0.149787;405.388;0;0;0;1;
-152.4;299.1;159.7;167.9;145.1;-335.5;-0.753987;0.0492471;-0.655041;-277.107;-0.242158;-0.947793;0.20748;133.417;-0.610625;0.315061;0.726549;433.908;0;0;0;1;
79.2;201.2;-148.2;-262.3;133.3;21.7;0.703428;-0.29595;0.646222;21.9173;-0.0505471;0.886058;0.460809;193.429;-0.708967;-0.356811;0.608319;260.151;0;0;0;1;
-214.7;-268.3;-226.2;-135.3;204;-339.7;0.0839672;0.840976;-0.534517;267.808;0.491767;-0.501511;-0.711795;156.648;-0.866669;-0.203091;-0.455675;148.958;0;0;0;1;
323.9;349.5;-312.9;41.8;-295.6;62;0.532879;-0.744665;-0.401888;781.639;-0.591329;-0.667429;0.452624;633.193;-0.605285;-0.0035464;-0.796001;161.865;0;0;0;1;
-347;-61;37.7;-166.3;-264.5;201.4;-0.837294;0.188974;-0.513057;695.421;-0.144911;-0.981513;-0.125029;-183.19;-0.5272;-0.0303386;0.849199;1192.69;0;0;0;1;
-54.2;-199.7;-2.3;322.7;185.4;360;0.365866;0.778104;0.510584;-525.557;-0.523792;-0.281323;0.804052;-720.061;0.769275;-0.561615;0.304638;11.1055;0;0;0;1;
204.5;-95.4;201.1;273.5;-140.5;-168.5;-0.0260325;0.874568;-0.484204;82.0409;-0.827882;-0.290343;-0.479908;-94.3871;-0.560297;0.388371;0.731598;510.726;0;0;0;1;
-64.9;4.8;-219.6;68.9;229.5;344.5;-0.35572;0.00569129;0.934575;150.792;0.847199;-0.420255;0.325022;188.283;0.39461;0.907388;0.144671;43.4265;0;0;0;1;
-53.6;50.5;333.9;-6.5;309.5;255.6;-0.719741;-0.520627;0.45926;550.635;0.614137;-0.168984;0.770896;758.215;-0.323742;0.836894;0.441361;-175.146;0;0;0;1;
-304.5;322.5;-165.5;-49.6;-203.8;-212.8;0.571677;0.80361;0.165518;18.196;-0.417879;0.458784;-0.784152;-69.9145;-0.70609;0.379115;0.598088;556.292;0;0;0;1;
-351.1;-40.8;-195.2;6.6;-221;350.2;-0.904923;-0.413712;-0.0997817;178.501;0.4056;-0.909397;0.0921125;-22.5863;-0.128849;0.0428832;0.990737;399.197;0;0;0;1;
6.5;343.5;-105.3;-295.2;256.9;114.2;0.402147;-0.854575;-0.328601;231.915;-0.521079;0.0814823;-0.84961;-98.0554;0.752831;0.512895;-0.412533;946.486;0;0;0;1;
-103.7;-310.9;336.2;36.8;118;62.8;0.552563;0.759681;-0.342868;-232.849;0.200578;-0.520487;-0.829977;780.309;-0.808976;0.389843;-0.439978;-246.857;0;0;0;1;
-121.6;-295.6;-246.7;-147.8;-84.9;-297.3;-0.905474;0.163789;-0.391523;98.3441;-0.00281237;-0.924824;-0.380384;-241.389;-0.424393;-0.343326;0.837865;-91.7319;0;0;0;1;
325;-29.4;242.5;-343.3;138.2;-321.4;0.220051;0.69662;0.68286;104.947;-0.372119;-0.587139;0.718885;92.5009;0.901724;-0.412296;0.130025;936.669;0;0;0;1;
-196.1;147.2;-145;-31.3;-349.1;-6;-0.04795;-0.262106;-0.963847;-144.975;-0.635777;0.752251;-0.172936;-33.6597;0.770382;0.604499;-0.202711;94.5855;0;0;0;1;
-183.9;-125.3;-165.3;70.8;-60.5;-268.5;0.857107;-0.143768;-0.49467;45.9789;0.375253;-0.483625;0.790754;67.9361;-0.352919;-0.863387;-0.36057;358.084;0;0;0;1;
-317.8;195.8;-219.3;-341.7;-270.3;115.9;-0.786175;-0.371285;0.49404;-1.03142;-0.437311;0.899083;-0.0202151;35.0798;-0.436678;-0.231942;-0.869204;719.058;0;0;0;1;
-61.6;-31.9;37.5;51.7;37.6;312.7;0.205406;0.976617;-0.0634669;478.301;0.455934;-0.0381081;0.889198;964.211;0.865987;-0.211583;-0.4531;645.16;0;0;0;1;
-28.4;-140.3;-219.6;-146;-123.6;135.9;0.144491;0.688284;-0.710906;39.3571;0.987714;-0.0571008;0.145468;63.1991;0.0595304;-0.72319;-0.688079;735.332;0;0;0;1;
-250.2;40.4;-219.8;-178;226.3;-208.9;0.687294;-0.69364;-0.215616;4.59318;0.413295;0.617535;-0.669207;6.411;0.597339;0.370829;0.711106;65.8125;0;0;0;1;
176.1;-317.7;25.8;-349.3;-29.6;325.3;-0.569986;-0.267968;-0.776729;-721.677;-0.469166;0.882207;0.0399297;-41.8322;0.674536;0.387174;-0.628567;-493.946;0;0;0;1;
319.5;12.6;18.3;317.4;-111.9;-34.8;-0.87189;0.298278;-0.388379;751.144;-0.470835;-0.728628;0.497409;711.797;-0.134618;0.616548;0.775723;106.349;0;0;0;1;
-69.5;186.5;150.6;185.2;-264.7;-171.9;-0.176627;0.980739;-0.0833861;-32.2613;-0.856866;-0.194898;-0.477278;-105.761;-0.484337;-0.0128497;0.874787;765.998;0;0;0;1;
137.8;-75.8;47.8;135.5;-4.6;141.5;0.667045;0.230274;-0.708537;-500.932;-0.733425;0.370081;-0.5702;-452.787;0.130913;0.900008;0.41575;1247.63;0;0;0;1;
-231.5;105.3;-178.2;-91.3;287.3;-312;0.725076;0.110801;0.679697;56.8956;0.567476;0.463052;-0.680848;-52.4974;-0.390174;0.879378;0.272871;383.897;0;0;0;1;
59.8;-39.5;307.7;302.9;-171.6;-82;0.819227;-0.56735;0.0835557;211.676;-0.573394;-0.81274;0.103309;-343.354;0.00929704;-0.132543;-0.991134;1189.77;0;0;0;1;
125.3;-354.9;147.8;-359.3;322.5;-324.2;-0.90728;-0.345481;0.239762;-61.1237;-0.24852;0.900426;0.357031;-85.5305;-0.339235;0.264342;-0.902797;11.4633;0;0;0;1;
-34;-249.9;79.6;-243.5;295.4;32.1;0.764376;-0.62462;0.159933;-552.763;0.410851;0.280675;-0.867423;-450.463;0.496921;0.728746;0.471167;-34.9262;0;0;0;1;
-198.2;-69.7;316.3;66.8;283;-191.1;0.173063;0.974598;0.142156;28.5449;-0.0781067;-0.130298;0.988393;81.2264;0.981809;-0.182158;0.0535728;1387.8;0;0;0;1;
-151.8;-308.6;274.2;30;-39.9;58.6;0.648379;-0.749926;-0.13121;-696.412;0.718447;0.545693;0.431339;402.673;-0.251872;-0.373938;0.892598;352.779;0;0;0;1;
-64.7;237.2;-340.9;-117.1;37.2;-295.3;-0.941733;0.168559;0.291078;-163.682;-0.322853;-0.695749;-0.641638;-445.693;0.0943636;-0.698228;0.709629;1418.55;0;0;0;1;
18.1;-197.6;-290.2;-194.2;-196.8;-327.7;-0.409069;0.836438;0.36474;-779.011;0.889049;0.455375;-0.0471862;259.867;-0.205562;0.304969;-0.929913;544.86;0;0;0;1;
-301.2;-13.6;359.7;138.4;-39.9;295;-0.944027;-0.320265;0.0790129;553.8;-0.161933;0.241252;-0.956857;-985.862;0.287386;-0.916094;-0.27961;666.605;0;0;0;1;
-332.3;121.9;-277.5;201.2;-171.4;-354.6;-0.352376;0.341714;0.871242;-596.311;-0.111284;0.90905;-0.401551;320.071;-0.929219;-0.238452;-0.2823;84.157;0;0;0;1;
-350;-105.9;-303.1;141.4;141.3;-125.8;-0.510714;-0.315322;-0.79984;118.656;-0.841911;-0.0051089;0.539592;9.41426;-0.174231;0.948971;-0.262864;1327.9;0;0;0;1;
-160;293.8;328.6;-283.7;-326.2;5.7;0.44453;-0.872676;-0.202064;-152.272;0.71476;0.481528;-0.507197;5.62106;0.539918;0.0810372;0.837808;1485.42;0;0;0;1;
-219;51.9;25.4;-149.1;217.7;45.8;-0.359346;0.581936;0.729534;-345.078;-0.71478;-0.674232;0.185744;-309.267;0.599966;-0.45471;0.658239;-483.106;0;0;0;1;
-259.6;276.6;-327.9;-260;-87.9;-150.6;-0.0814898;0.00987569;-0.996625;-148.607;-0.152616;0.988035;0.0222693;-377.395;0.98492;0.153915;-0.0790076;1372.96;0;0;0;1;
252.3;-60.2;331.3;334.8;358.3;-343;0.16752;0.985805;-0.0112136;-87.0495;-0.985743;0.167306;-0.017885;260.267;-0.0157551;0.0140498;0.999777;1481.74;0;0;0;1;
197.4;225.5;-88.9;111.5;6.9;269.7;-0.506263;0.592889;0.626243;735.764;0.534938;0.78549;-0.311204;-239.569;-0.676417;0.17745;-0.714823;361.686;0;0;0;1;
345.8;64.1;203.4;171.5;140.4;237.3;0.515187;-0.611688;-0.60035;156.899;-0.79045;-0.609875;-0.0569276;47.7473;-0.331317;0.503875;-0.797709;345.546;0;0;0;1;
-325.6;281.4;-70.9;59.8;349.5;-356;-0.550444;0.115204;-0.826885;-335.2;-0.693452;-0.614619;0.375989;214.812;-0.464904;0.780366;0.418201;1213.71;0;0;0;1;
-254.5;-270.2;280.6;354.9;-312.9;-167.4;0.374516;0.903338;-0.20909;-161.864;0.755698;-0.428039;-0.495685;-557.807;-0.537269;0.0276331;-0.842958;-287.166;0;0;0;1;
-155.8;156.6;-10.3;-327.4;-11.5;-154.9;0.0526086;-0.709828;0.702407;874.333;-0.943598;-0.265581;-0.197713;-384.619;0.326888;-0.652388;-0.683764;-193.468;0;0;0;1;
266.9;-174.2;-289.5;-324.8;154.6;77.4;0.641254;0.714617;-0.279492;15.4848;0.721626;-0.437806;0.536266;-643.175;0.260862;-0.545572;-0.796431;885.46;0;0;0;1;
304.9;-2.5;-218.6;5.4;-191.1;139;0.909104;-0.246548;0.335773;151.213;0.0410143;0.855105;0.516831;220.777;-0.414544;-0.456081;0.787491;123.783;0;0;0;1;
-117.4;-156.7;60.4;29;120.3;-93;-0.535039;-0.404009;-0.741963;205.904;-0.838817;0.149474;0.523492;-475.13;-0.100591;0.90246;-0.418864;1096.09;0;0;0;1;
