-326.1;-38;-137.4;-313.4;198.6;-43.8;0.731403;0.239804;0.638391;10.2603;0.679852;-0.18311;-0.710122;-29.5803;-0.0533941;0.953397;-0.296958;728.536;0;0;0;1;
-112.3;26.9;-31.4;-83.3;2.2;41.4;-0.606711;0.717217;-0.342783;-419.531;-0.281312;0.209593;0.936448;1032.62;0.743482;0.664583;0.0745995;229.119;0;0;0;1;
-171.4;-302.5;-166.3;-218.7;-125.2;-72.9;0.705291;-0.101002;-0.701686;-182.612;0.541892;-0.561362;0.62548;68.3005;-0.457074;-0.821384;-0.341191;376.854;0;0;0;1;
341.2;264.7;-204.4;-202.6;198.7;-340.6;0.219581;-0.731768;-0.645213;191.647;0.763133;0.540856;-0.353698;55.0397;0.607792;-0.414718;0.677198;581.714;0;0;0;1;
327.2;-347.6;299.1;43.4;344.9;-118.3;-0.621643;-0.590575;0.51457;785.089;0.733694;-0.669074;0.118463;491.625;0.274324;0.451178;0.849226;755.292;0;0;0;1;
-323.5;-341.2;203.7;-243.6;-294.6;-100.6;-0.620601;-0.783833;0.0214568;123.86;-0.00136135;0.0284409;0.999595;-11.1669;-0.784125;0.62032;-0.0187176;539.225;0;0;0;1;
72.6;-46.8;286.3;258.4;87.1;-214.4;0.0491605;0.105723;-0.99318;-43.5493;0.0819409;-0.991457;-0.101484;-120.825;-0.995424;-0.0763931;-0.0574035;1228.88;0;0;0;1;
-60.3;275.7;-156.9;-9.4;274.2;78;0.961326;-0.058673;0.26909;-47.3556;-0.257225;-0.540436;0.801102;-56.3332;0.0984228;-0.839337;-0.534628;446.189;0;0;0;1;
134.9;255.3;-160.2;147.7;270;255.7;-0.92838;-0.304893;0.212488;108.409;0.226424;-0.0106614;0.97397;168.58;-0.294692;0.952327;0.078933;431.734;0;0;0;1;
167.2;94.3;268.1;-36.6;-222.4;110.2;0.062936;0.755854;0.651709;-434.75;0.630488;-0.536307;0.561124;-66.2331;0.773644;0.375579;-0.510309;-184.815;0;0;0;1;
62.3;-328.7;-13.8;-236.9;-212.3;-91.2;-0.384021;0.921385;0.0598133;471.985;-0.47797;-0.253801;0.84091;-821.226;0.789983;0.294338;0.53786;25.8912;0;0;0;1;
22.6;77.5;79.2;-194;-24.2;-193.8;0.126652;-0.263121;-0.956413;-365.061;0.428272;-0.855178;0.291984;143.781;-0.89473;-0.446585;0.00437751;-382.224;0;0;0;1;
-48.3;132.7;-278.2;12;340.6;356.1;-0.0758579;0.804716;-0.588793;-578.421;-0.273558;-0.584633;-0.763787;-656.889;-0.95886;0.10313;0.264486;271.991;0;0;0;1;
-270.1;115.4;108.5;-213;-96.9;-124.4;-0.728208;-0.421985;-0.540038;-42.5392;0.676877;-0.319259;-0.663258;557.012;0.107473;-0.84853;0.518119;267.722;0;0;0;1;
-317.4;-289.8;329.9;168;-109.2;324.7;-0.597611;0.265844;-0.756431;401.626;-0.145861;0.891643;0.4286;-392.727;0.788407;0.36647;-0.494079;-472.719;0;0;0;1;
-224.7;170.3;356.1;121.5;293.4;-359.1;-0.827485;0.52649;-0.195131;709.964;-0.356205;-0.223593;0.907262;787.217;0.434035;0.820252;0.372558;178.742;0;0;0;1;
-329.8;-186.9;-64.3;109.5;-20.8;128.7;-0.0949137;0.844009;-0.527864;-616.353;0.994984;0.0636023;-0.0772107;330.434;-0.0315932;-0.532544;-0.845812;-231.888;0;0;0;1;
275.7;148.1;-98.6;214.8;-200;-118.1;0.39857;0.903855;0.155526;3.9301;-0.803191;0.425859;-0.416568;-121.583;-0.442749;0.0411146;0.895703;-194.041;0;0;0;1;
68;-252.8;214.5;-183.6;-105.8;-242.5;0.986284;-0.140455;0.0866926;97.6161;-0.0983273;-0.921844;-0.37488;-253.69;0.132571;0.361214;-0.923011;137.438;0;0;0;1;
52.1;-206;-315.1;-120.9;179.2;-64.3;-0.551652;-0.611711;0.567001;-554.659;-0.6499;-0.110845;-0.751893;709.934;0.522791;-0.783277;-0.336404;266.141;0;0;0;1;
-156.2;314.5;-254.1;-303;75.9;256.6;-0.755758;-0.654482;-0.0219965;-643;-0.295291;0.370581;-0.88061;212.419;0.584495;-0.659032;-0.473332;332.517;0;0;0;1;
-302.1;-36.6;-290.4;-6.4;-287.2;48.8;-0.257305;-0.937107;-0.235849;470.84;-0.959373;0.218493;0.178505;-770.906;-0.115747;0.272197;-0.955255;403.273;0;0;0;1;
339.6;348.5;-306;-119.1;60.4;-145.9;-0.459684;-0.150082;0.875309;984.279;-0.846482;-0.224081;-0.482966;304.457;0.268625;-0.962945;-0.0240353;189.67;0;0;0;1;
-20;-231.7;-181.5;-165.6;-198;72.7;-0.626346;0.261127;-0.734509;-97.0338;0.679972;0.643786;-0.350967;-42.1952;0.38122;-0.719272;-0.580791;346.841;0;0;0;1;
-190.8;71.3;83.9;-145.9;310.4;-239.7;0.131024;0.378728;0.916187;316.749;-0.513134;0.816637;-0.264193;25.696;-0.848249;-0.435511;0.301337;-354.194;0;0;0;1;
7.1;-205.9;-285.3;-29.8;-291.7;7.9;-0.879145;-0.362156;0.309753;-811.579;0.171138;-0.846552;-0.504045;63.4762;0.444765;-0.390118;0.806221;587.285;0;0;0;1;
-133.3;-233.7;331.3;-206.4;-22.9;-316;0.345009;-0.826028;0.445697;269.384;-0.851718;-0.475055;-0.221133;-264.877;0.394393;-0.303315;-0.867441;-635.53;0;0;0;1;
59.6;-43.4;249.7;113.7;54.7;-192.7;0.876171;-0.369993;0.308917;2.48367;-0.299664;0.0838479;0.950353;114.029;-0.377526;-0.925243;-0.0374085;977.995;0;0;0;1;
327.8;251.9;-64.4;-213.8;303.6;-45.2;0.915785;0.377032;-0.138507;-573.531;-0.374055;0.674871;-0.636107;-407.881;-0.146358;0.634346;0.759068;1024.13;0;0;0;1;
76.1;330;-334;-342.9;-176;336.5;0.631618;-0.730141;-0.260679;225.638;0.171491;-0.196332;0.965425;-914.263;-0.756075;-0.654484;0.00120587;750.347;0;0;0;1;
-222.6;191.1;347.8;-290.6;-341.5;-303.9;-0.387056;0.184822;0.903343;838.584;0.706194;-0.570502;0.419307;734.075;0.592856;0.80023;0.0902957;468.302;0;0;0;1;
77.3;-114.8;-320.4;48.5;38.8;-126.1;0.771746;-0.233165;0.591644;24.4127;0.572111;0.660783;-0.485855;65.7625;-0.277664;0.713442;0.643353;1466.62;0;0;0;1;
-50.3;-261.6;47.8;-303.5;69.3;319.7;-0.234959;-0.0348476;-0.971381;-376.227;-0.0765882;-0.995586;0.0542412;-354.596;-0.968983;0.0871407;0.231253;-450.352;0;0;0;1;
-136.2;-105.8;211.6;16.7;-102.4;12.3;0.0929821;0.862597;-0.497274;128.213;0.107715;0.487791;0.866289;-93.4855;0.989824;-0.134113;-0.047559;429.834;0;0;0;1;
331.5;333.7;-17.8;214.8;208;23.4;-0.751461;-0.48573;-0.446512;728.072;-0.565919;0.822436;0.0577452;421.628;0.339179;0.296083;-0.892912;963.054;0;0;0;1;
191.2;345.5;-288.3;36.1;272.1;-269.8;0.638158;-0.515334;-0.572001;-904.43;0.699474;0.0776382;0.710429;224.946;-0.321699;-0.853465;0.410008;160.914;0;0;0;1;
-50.6;-10.7;-167.4;-153.8;255;88.7;-0.684918;-0.714168;-0.1444;25.7712;0.574785;-0.651389;0.495292;85.0005;-0.447782;0.256236;0.856641;555.843;0;0;0;1;
-62.6;-298.2;44.3;345.2;-241.7;-246.5;0.973239;-0.199584;-0.113892;73.0511;0.0604791;0.700624;-0.710963;101.53;0.221692;0.685049;0.693945;-542.632;0;0;0;1;
304.8;-160.6;7.7;13.5;73.3;265.3;-0.815112;-0.572511;-0.0884528;-563.039;0.534506;-0.802136;0.266234;-783.236;-0.223373;0.169732;0.959841;866.733;0;0;0;1;
243;44.7;96.1;-134.9;-100.6;-198.8;-0.0131695;0.874359;-0.485101;-59.7911;-0.740747;-0.334408;-0.582636;-4.68948;-0.671655;0.351664;0.652083;-294.298;0;0;0;1;
105.8;307.8;-356.2;177.5;-158.9;275.9;-0.918305;0.38842;0.0764552;-178.265;0.389939;0.854194;0.34395;-632.4;0.0682893;0.345664;-0.93587;1175.47;0;0;0;1;
267.7;7.7;-94.9;-259.8;214;-200;0.684161;0.482104;0.547265;18.7533;0.529853;-0.844186;0.0812777;575.578;0.501178;0.234363;-0.833003;775.382;0;0;0;1;
46.1;-208.7;-281;-269.7;353.7;-162.6;0.46905;-0.715742;-0.517403;-610.331;0.87604;0.302761;0.375352;620.665;-0.112006;-0.629324;0.769029;570.148;0;0;0;1;
-299;298.4;-106;68.7;-190.9;327.3;0.750541;0.221574;0.62257;-55.8415;0.639493;-0.00609918;-0.768772;130.527;-0.166543;0.975125;-0.146273;957.852;0;0;0;1;
-168.9;-308;11.9;144.4;-225.6;128.6;0.832317;0.471309;-0.291746;-636.444;-0.55242;0.748607;-0.366633;92.9929;0.0456049;0.466321;0.883439;-419.321;0;0;0;1;
305.7;240.2;-66.5;166.7;57.6;-8.2;-0.302397;-0.857867;-0.415475;-476.997;-0.871017;0.425739;-0.245104;-640.719;0.387151;0.287767;-0.875959;722.612;0;0;0;1;
82.6;-177.6;359.6;204.9;-220.2;70.7;0.713557;0.678717;-0.173723;-149.53;0.328685;-0.543292;-0.772528;979.12;-0.61871;0.494143;-0.610754;359.702;0;0;0;1;
222.2;186;79.2;301.2;276.3;72.8;0.910395;0.369667;-0.185817;437.836;-0.194947;-0.0128691;-0.980729;-490.029;-0.364935;0.929075;0.0603496;971.937;0;0;0;1;
-221.5;194.6;-131.7;32.5;-96.8;37.4;0.234169;-0.430298;-0.871785;119.059;0.821196;0.567531;-0.0595435;161.235;0.520386;-0.701963;0.486257;136.812;0;0;0;1;
-143.1;-48.4;-53.3;86.1;313.2;81.1;-0.678854;-0.440899;0.587168;-160.727;0.729144;-0.499128;0.468209;190.289;0.0866391;0.745976;0.660314;1369.11;0;0;0;1;
-145.4;258.8;-38.8;5.3;-77.3;236;-0.155782;-0.694021;0.702899;468.776;-0.90953;-0.17681;-0.376155;-318.793;0.385339;-0.697906;-0.603689;1204.08;0;0;0;1;
357.2;-354.8;-301.7;356.7;210.1;-161.9;0.909464;-0.410693;0.0648531;844.751;0.409323;0.911764;0.0337715;46.5942;-0.0730005;-0.00416805;0.997323;-19.6363;0;0;0;1;
-75.5;72.2;-336;-356.4;13.4;157.6;0.0875904;-0.991163;-0.0996199;36.145;-0.945481;-0.0512277;-0.321623;143.713;0.313677;0.12236;-0.941613;-723.843;0;0;0;1;
76.4;9.1;-7.9;304.7;258.9;112.5;-0.356224;0.567007;0.742703;317.633;-0.490381;-0.790031;0.367937;-1033.77;0.795381;-0.23314;0.559477;378.343;0;0;0;1;
-160.7;-244.3;281.3;146;201.8;234.5;0.156106;-0.295765;0.942419;-125.736;0.98009;0.164902;-0.110594;62.7526;-0.122697;0.94092;0.315618;-360.9;0;0;0;1;
-133;273.6;-9.6;45.4;-81.1;273.1;-0.0285453;0.086298;0.99586;99.5946;-0.991273;0.125824;-0.0393173;-28.7546;-0.128696;-0.988292;0.0819532;1473.88;0;0;0;1;
-78.7;-226.8;278.3;-20.4;347.1;128.4;0.89964;-0.430275;0.0742428;3.93064;-0.324249;-0.544479;0.773567;51.374;-0.292423;-0.720005;-0.629351;-439.191;0;0;0;1;
34.9;-88.5;-302.3;59;-84.9;71.1;-0.190923;0.745845;-0.638173;331.663;-0.492072;-0.635266;-0.595233;-315.099;-0.84936;0.200383;0.488296;1290.39;0;0;0;1;
-286.3;208.7;297.5;-77;153.3;196.3;0.950362;-0.20765;-0.231718;-261.364;-0.0529918;0.625825;-0.778161;776.797;0.3066;0.751814;0.583757;398.975;0;0;0;1;
-324.6;209.8;312;316.8;-4.3;11;0.583567;-0.365101;-0.725363;-821.612;0.238978;-0.776466;0.583086;592.42;-0.776105;-0.513615;-0.365869;453.073;0;0;0;1;
48.4;222.7;-75.5;-321.3;-234.8;60.6;-0.8732;-0.09504;0.478005;-493.524;0.23052;-0.944692;0.233275;617.037;0.429397;0.313885;0.846814;539.046;0;0;0;1;
311.9;46.5;51;230.1;243.3;38;0.430832;-0.304341;-0.849565;184.047;0.666934;0.741575;0.0725605;288.584;0.607933;-0.597865;0.52247;-478.968;0;0;0;1;
-144.4;-81.8;166.7;-229.4;194.4;299;-0.649154;-0.695005;0.309139;-126.541;0.73262;-0.680587;0.00831962;108.001;0.204614;0.231882;0.95098;520.613;0;0;0;1;
58.9;268.1;147.6;-3.7;-311.8;-201.9;-0.806371;0.568013;-0.164702;155.506;0.541373;0.821054;0.181065;-264.666;0.238077;0.0568406;-0.969582;476.84;0;0;0;1;
-167.5;-276.4;-352.2;-358.3;257.6;3.6;0.195725;0.237226;-0.951533;-178.686;0.0109282;0.969712;0.244006;43.944;0.980598;-0.0581566;0.187204;-657.48;0;0;0;1;
-130.1;-54.1;-276.6;11.6;-15.3;-151.3;-0.388024;-0.714869;-0.581722;-573.811;-0.53332;-0.34061;0.774309;687.637;-0.751669;0.610695;-0.249089;611.291;0;0;0;1;
289.5;-206.3;112.4;-19.6;-336.3;-4.3;-0.640048;0.73231;0.232508;-163.125;-0.686232;-0.680959;0.255695;-496.109;0.345576;0.00410246;0.938382;738.585;0;0;0;1;
235.7;-263.4;273.9;42.3;-132.8;-34.6;-0.317358;0.608405;0.727411;-208.566;-0.945129;-0.265655;-0.190152;374.582;0.0775508;-0.747844;0.659329;-162.569;0;0;0;1;
-18.7;143.3;-269.4;-231.2;-220.4;-221.2;0.951269;0.304624;-0.0478632;-718.714;0.284952;-0.809074;0.514005;-200.972;0.117853;-0.502596;-0.856451;391.984;0;0;0;1;
-215.9;-170.7;-280.4;-208;-311.8;194.5;0.593903;-0.294976;0.748511;522.696;0.331288;0.93749;0.10659;339.504;-0.733163;0.184668;0.6545;1058.66;0;0;0;1;
155.6;-81.9;357.6;96.2;289.8;-160.6;0.368111;0.778298;-0.508671;-149.189;-0.142919;0.587949;0.796172;10.5708;0.918732;-0.220381;0.327665;1496.44;0;0;0;1;
304.9;219.2;-6.9;57.3;-160.5;-125.9;-0.37174;-0.681267;0.630623;-442.663;-0.580492;0.700701;0.414785;-677.787;-0.724457;-0.21188;-0.655949;944.601;0;0;0;1;
-307.1;292.4;-29.3;184;-168.1;55.1;0.26522;0.942356;0.204017;101.242;0.944514;-0.211399;-0.251402;-133.268;-0.193782;0.259374;-0.946136;1349.34;0;0;0;1;
-353.5;173.2;-304.5;-262.9;159.2;-164.9;0.00673828;-0.786501;0.617552;-840.878;-0.93474;0.214452;0.283321;126.463;-0.355267;-0.57916;-0.733729;638.824;0;0;0;1;
-124.1;303.4;-118.3;-187.3;312.6;-70.1;0.651856;-0.633951;0.416161;135.663;0.75307;0.476541;-0.453646;-190.667;0.0892721;0.60911;0.788046;941.624;0;0;0;1;
-352.9;-34.7;208.1;-355.3;-298.6;137.8;0.512853;0.650544;-0.560156;-66.5582;-0.711245;0.687378;0.147111;14.1454;0.480741;0.322962;0.81522;689.542;0;0;0;1;
-155.9;-353.7;-145.9;54.5;-79.2;-89.2;0.237768;-0.554323;0.797617;-89.843;-0.740329;0.428165;0.518254;108.753;-0.628791;-0.713724;-0.308578;621.516;0;0;0;1;
288.6;-169.1;-156.8;-243.6;232.1;35.1;-0.890772;-0.0863504;0.446171;10.217;-0.437132;-0.10564;-0.893172;-147.283;0.124259;-0.990648;0.0563544;249.717;0;0;0;1;
28.7;238.6;-294.6;84.2;335.7;224.6;0.0314028;-0.975067;0.219676;10.9013;0.80056;-0.107053;-0.589612;-44.3219;0.598429;0.194379;0.777238;1385.75;0;0;0;1;
136.6;-291.3;25.1;-341.8;-118.6;-22.4;0.520683;-0.245514;-0.817687;-229.893;-0.198658;0.896629;-0.395717;-185.983;0.830316;0.368483;0.418086;-605.257;0;0;0;1;
-51.9;-254.2;302.9;-203.9;327.8;221.6;0.831432;0.475798;0.286944;169.753;0.492202;-0.870316;0.016944;188.695;0.257794;0.127147;-0.957797;-578.758;0;0;0;1;
151.1;-331;227.9;-354.9;83.5;-354.2;0.227419;-0.588338;-0.775976;-380.246;0.25407;0.805105;-0.535961;-220.728;0.940069;-0.0752651;0.332575;647.317;0;0;0;1;
-84;12;-163.3;119.2;-14.4;286;0.666201;0.73409;0.131483;21.051;-0.355082;0.467266;-0.809679;38.5978;-0.655815;0.492722;0.571955;547.164;0;0;0;1;
-348.6;-345.8;164.5;-283.2;-44.3;-2.7;0.548833;-0.0388073;-0.835031;-14.5514;-0.812981;-0.257243;-0.522386;-52.5691;-0.194533;0.965567;-0.172733;201.691;0;0;0;1;
158.6;-267.8;66;-319.1;-249.6;164.6;-0.962848;-0.214389;0.164199;444.432;0.0753677;-0.797224;-0.598961;122.641;0.259314;-0.564333;0.783763;-319.111;0;0;0;1;
18.5;58.5;127.6;-181.4;71.9;95.3;0.398545;0.833818;-0.38198;-218.297;0.917024;-0.369148;0.150984;75.0011;-0.0151139;-0.410459;-0.911754;-130.682;0;0;0;1;
257.4;-279.9;124.4;-17.6;-274.7;-295;0.946113;0.23659;0.221124;97.5327;-0.30703;0.872458;0.380196;-323.574;-0.102971;-0.4276;0.898084;102.152;0;0;0;1;
-11.8;-141.5;-65.7;42.1;194.9;279.9;0.104888;-0.250154;0.962508;-760.61;0.881832;0.470831;0.0262717;-173.076;-0.45975;0.846015;0.269979;505.102;0;0;0;1;
-32;206.3;151.4;-227.6;140.3;324.3;0.375175;-0.13959;-0.916383;-43.4938;0.308787;0.950952;-0.0184361;16.7938;0.87401;-0.276051;0.399877;736.078;0;0;0;1;
-13.1;-61.2;-303.6;270.1;-20.3;-336;-0.533506;0.153901;0.831677;851.015;0.75431;-0.358235;0.550167;225.817;0.382607;0.920859;0.0750315;972.798;0;0;0;1;
74.6;215.5;-60.3;-300.6;251.3;228.8;0.123072;0.745572;-0.654962;-287.313;0.295583;-0.657565;-0.692993;796.229;-0.947356;-0.108308;-0.301306;453.524;0;0;0;1;
11.9;148.6;309;353.5;-229.1;251.5;0.325027;-0.675083;-0.662284;-526.979;0.918181;0.392989;0.0500299;104.248;0.226496;-0.624358;0.747581;-347.64;0;0;0;1;
-301.5;119.1;-250.1;-7.2;-341.7;304.8;0.523614;-0.819773;-0.231949;-335.834;0.839256;0.449492;0.305952;545.499;-0.146551;-0.354866;0.92336;351.524;0;0;0;1;
-230.2;-13.7;8.2;138.4;-24.1;-211.6;0.48912;-0.324519;-0.809598;-756.322;-0.831379;0.107232;-0.545262;-872.107;0.263763;0.939781;-0.217349;597.624;0;0;0;1;
102.6;322.8;87.2;16.2;232.8;284.2;0.955398;0.14558;-0.256944;-200.284;-0.186352;0.972151;-0.142113;-821.225;0.2291;0.183656;0.95592;444.031;0;0;0;1;
-102.6;-195.5;139.6;197.2;-136.1;30.8;-0.0930427;-0.969165;-0.228172;36.4202;-0.992458;0.0719054;0.0992795;-241.796;-0.0798114;0.235688;-0.968546;619.137;0;0;0;1;
65.9;235.9;-323.5;14.8;229.3;-192.6;-0.555471;0.674193;-0.48674;-161.545;0.329652;0.71593;0.615446;323.602;0.763401;0.181408;-0.619928;1329.94;0;0;0;1;
-93.8;145;143.7;-126.7;355;162;0.621549;0.777228;-0.0979502;11.3917;-0.705385;0.609664;0.361582;-273.608;0.340748;-0.155648;0.927181;651.168;0;0;0;1;
-182;-235.2;-354.6;43.4;120.4;-161.5;-0.965396;-0.200228;0.167093;616.754;0.0648411;-0.804889;-0.589873;-26.0527;0.252601;-0.558626;0.790019;-410.041;0;0;0;1;
191.8;-279.8;-198.8;-223.8;96.4;251.2;0.535568;0.727146;0.429448;187.156;0.615296;0.0123198;-0.7882;-95.4858;-0.578427;0.686372;-0.440812;249.417;0;0;0;1;
-299.7;353.9;-304.4;57.1;48.2;-223.2;-0.456024;0.652105;0.605641;513.435;0.880643;0.428892;0.201294;-803.958;-0.128489;0.625148;-0.769857;29.35;0;0;0;1;
305.1;-246;229.9;341.6;-13.9;-43.7;-0.886599;0.158196;0.434646;195.824;0.264354;-0.597793;0.756809;291.166;0.379552;0.785886;0.488183;104.323;0;0;0;1;
-353.9;109.5;-258.7;149.8;342.9;-263.8;0.282016;-0.656495;-0.699629;-673.435;0.885553;0.458694;-0.0734534;62.0755;0.369138;-0.598843;0.710721;163.516;0;0;0;1;
-191.1;-342;-281.8;-328.5;61.5;198.7;0.215745;-0.442091;0.870637;-453.561;-0.478526;-0.825095;-0.300386;-125.158;0.851156;-0.351816;-0.389562;-321.614;0;0;0;1;
-130;-249.6;278.9;-111.6;-256.2;-127.6;0.698453;0.032006;0.71494;-131.875;-0.591976;0.587215;0.552036;270.854;-0.402155;-0.808798;0.429089;-311.518;0;0;0;1;
-220.5;-338.7;-276.6;-164.9;78.4;131.6;0.0767448;-0.564438;-0.8219;-405.666;-0.837097;0.411339;-0.36065;-317.32;0.541644;0.715688;-0.440922;-347.128;0;0;0;1;
-170.9;23.4;102.9;-301.1;-137.9;-271.1;0.760492;0.203869;-0.616514;-308.385;0.386268;0.621157;0.68188;96.9744;0.521966;-0.756704;0.393637;-226.601;0;0;0;1;
15.3;-131.8;55.6;-26.2;-342.1;38.4;-0.886532;-0.126443;0.445055;-213.124;0.00532637;-0.964657;-0.263456;46.0082;0.462637;-0.231191;0.855872;1394.83;0;0;0;1;
70;-316;-86.3;148.3;-284.5;192.4;-0.365835;-0.860942;0.353473;297.835;0.842209;-0.14463;0.519391;-697.083;-0.396042;0.487709;0.778004;441.86;0;0;0;1;
-155.9;-197.3;302.8;340.2;51.1;-313.4;-0.223745;0.362599;0.904688;632.366;0.691636;0.713073;-0.114746;-260.035;-0.686715;0.600041;-0.410333;-304.459;0;0;0;1;
-147.5;190.6;285.2;-64;243;3.6;0.0207544;-0.44944;-0.893069;532.378;0.502822;0.776763;-0.379223;-416.29;0.864141;-0.441184;0.242109;41.2878;0;0;0;1;
-292.5;-288;244.2;27.6;348.3;-253.7;-0.470747;0.872009;0.134158;218.116;-0.754005;-0.318674;-0.57439;-549.941;-0.45812;-0.371548;0.807513;312.072;0;0;0;1;
116.5;-139.3;-25.5;-187.9;194.5;-150.3;-0.538735;-0.694264;-0.477244;365.509;0.274536;0.390885;-0.878544;738.347;0.796489;-0.604323;-0.0199832;867.782;0;0;0;1;
67.7;-95.6;-249.1;198.6;269.9;-316.3;0.364527;0.910749;0.194054;197.276;0.837094;-0.411784;0.360149;-412.925;0.407913;0.0311574;-0.912489;779.591;0;0;0;1;
30.9;331.2;-153.6;-26.3;311.3;257.6;0.256619;0.89376;-0.367886;-27.5032;0.792036;0.0236797;0.610015;47.3457;0.553918;-0.44792;-0.701813;558.139;0;0;0;1;
-122.5;-196.2;-54.7;-197.4;-43;-314.6;-0.175834;-0.756281;0.630176;399.147;-0.710716;-0.345413;-0.61284;-597.131;0.68115;-0.555634;-0.476765;-292.005;0;0;0;1;
23.4;-118.3;334.8;-92.4;269.4;323;0.902803;0.022229;0.42948;-584.86;-0.429883;0.018452;0.902696;339.272;0.0121412;-0.999583;0.0262144;1173.58;0;0;0;1;
13.9;25.8;-176.4;205.6;55.1;-342;-0.362924;0.13103;-0.92256;-11.7272;0.621572;0.77165;-0.134922;-26.3474;0.694215;-0.622404;-0.361495;350.756;0;0;0;1;
-304.8;340.1;-220.4;-193.8;178.6;266.8;-0.720685;0.626037;0.29781;209.511;-0.687373;-0.589396;-0.424418;-302.528;-0.0901734;-0.510578;0.85509;195.431;0;0;0;1;
-292.9;-150.5;237.9;-86.5;40.4;189.2;-0.773582;-0.208362;-0.598462;-203.805;-0.0720112;0.967185;-0.243654;352.637;0.629592;-0.14539;-0.763201;103.059;0;0;0;1;
-331.8;135.1;353;-169.2;154.9;-192.9;-0.16551;-0.651995;0.739938;-521.595;0.524737;-0.693485;-0.49369;274.516;0.83502;0.306562;0.456905;-386.599;0;0;0;1;
-123.8;-181.7;48.8;-149.1;-56.9;-41.9;-0.214464;-0.869063;-0.445797;469.332;0.976618;-0.183827;-0.111469;-767.463;0.0149236;-0.459279;0.888166;808.309;0;0;0;1;
-186.2;174.2;201.2;-145.4;-123.1;-246.6;-0.315314;-0.575665;0.754444;86.221;-0.918003;-0.0164593;-0.396232;-29.6002;0.240514;-0.81752;-0.523273;198.951;0;0;0;1;
-270.2;-67.8;-266.6;-130.5;-44.4;129.3;0.160507;-0.830958;0.532679;44.0691;-0.783132;-0.4357;-0.443701;-752.398;0.600784;-0.34594;-0.720683;666.805;0;0;0;1;
-223.8;22.7;196;-346;153.4;-123.7;0.642184;0.444089;-0.624808;-134.645;-0.333289;-0.572255;-0.749295;-142.222;-0.690303;0.689427;-0.219483;460.509;0;0;0;1;
60.4;181.7;228.6;-89.5;229.7;23.4;-0.593416;0.661694;0.458278;-51.1474;-0.168506;-0.658876;0.733136;213.217;0.78706;0.357832;0.502487;83.2843;0;0;0;1;
77.6;-254.2;58.9;-233.6;-186;219.2;-0.95357;0.0828454;0.289551;-109.809;-0.300135;-0.181754;-0.936421;527.692;-0.0249511;-0.979848;0.19818;-290.107;0;0;0;1;
-58.3;-155;33.3;-217.2;59.7;270.3;0.409408;0.198931;-0.8904;-483.195;-0.857053;-0.250746;-0.450096;-702.167;-0.312803;0.947393;0.0678368;1062.07;0;0;0;1;
-103.7;149.5;-300.4;-153.1;236.2;-127.6;0.563847;0.602545;-0.564816;172.404;0.0128725;0.677401;0.735501;-839.38;0.825779;-0.421981;0.374194;364.522;0;0;0;1;
336.2;229.6;112.3;29.3;243.7;-237.2;0.824746;0.36514;-0.431818;92.4596;-0.564264;0.480846;-0.671113;2.14438;-0.0374126;0.797157;0.602611;1068.35;0;0;0;1;
265.6;-198.8;161.7;-8.7;71.8;31.3;0.435926;0.896567;0.0783313;14.8554;0.476411;-0.303726;0.825096;-49.9793;0.763545;-0.322363;-0.559536;513.646;0;0;0;1;
-345.3;-210.7;137.2;-69.2;-227.1;168.4;-0.451054;0.884179;-0.121561;-341.673;0.691227;0.259919;-0.674276;33.8465;-0.564585;-0.388161;-0.728406;560.43;0;0;0;1;
-210;74.7;-346.7;40.5;217.5;-69.8;0.104108;0.81141;-0.57513;-240.795;-0.969994;0.210585;0.121515;-100.721;0.219712;0.545222;0.808987;-589.144;0;0;0;1;
-192.1;331;-280.3;-275.3;-324.9;173.1;0.667428;-0.659133;-0.346531;-875.832;-0.672502;-0.333653;-0.660618;-233.968;0.319814;0.673958;-0.665958;242.877;0;0;0;1;
-42.9;228.5;42.7;286.6;-102.2;-216.5;-0.438662;0.311003;-0.843121;-340.802;-0.414127;0.762688;0.496796;-214.625;0.797543;0.567085;-0.205768;1317.38;0;0;0;1;
-310.6;-339.5;-55.3;211.1;11.9;-343.6;0.900529;0.21475;0.37806;648.984;0.0655012;0.792583;-0.606235;-774.473;-0.429834;0.570696;0.699678;578.055;0;0;0;1;
-260.4;-116.2;-337;94;174.6;-204.1;-0.946443;-0.311433;0.0851729;55.8424;-0.316639;0.946875;-0.0562703;271.923;-0.0631236;-0.0802258;-0.994776;1336.12;0;0;0;1;
-97.7;181.8;230.6;-84.4;-137.7;-54.7;0.464301;0.640912;-0.611274;-23.497;-0.85861;0.156396;-0.488189;-229.108;-0.217285;0.751513;0.622909;80.5226;0;0;0;1;
205.9;-112.6;-226.6;142.8;-27.8;-191.5;-0.865086;-0.0217353;-0.501153;-313.746;-0.34154;0.75724;0.556721;174.803;0.367392;0.652775;-0.662501;712.384;0;0;0;1;
-187;146.5;254.3;215.7;73.1;-208;0.353479;0.501723;-0.78951;-35.3713;-0.190235;0.864915;0.46447;40.9541;0.915895;-0.013988;0.401175;-186.471;0;0;0;1;
359.2;-20.3;-187.5;-198.9;-312.1;41.6;-0.819073;0.506638;-0.269141;88.7499;0.453868;0.859208;0.236146;20.6156;0.350889;0.0712663;-0.933701;249.506;0;0;0;1;
-182.5;-212.5;285.4;-159.5;241.5;100;-0.260084;0.225763;0.938822;337.919;-0.963285;0.00641122;-0.268403;-9.60164;-0.0666145;-0.974161;0.215807;-364.685;0;0;0;1;
-146.3;-216.3;-221.1;-275.8;-83.4;1.2;0.242778;-0.756112;0.607745;336.24;-0.0180847;0.622851;0.782131;-131.375;-0.969913;-0.200875;0.13754;589.894;0;0;0;1;
-113.3;339.7;248.7;20.2;-20.4;-282;0.840386;-0.29854;0.452355;-35.6082;0.539347;0.378348;-0.752302;103.297;0.0534441;0.8762;0.478975;994.692;0;0;0;1;
45.9;152.6;224.5;-59.9;-134.5;-205.3;0.809639;0.584816;0.0497451;25.6381;-0.354359;0.419499;0.835734;44.6474;0.467882;-0.694271;0.546877;68.6307;0;0;0;1;
92.1;-278.2;134.4;121.9;-117.1;182.4;-0.383898;-0.493984;-0.780129;-50.3201;0.608399;0.500226;-0.616137;282.47;0.694603;-0.711164;0.108504;131.559;0;0;0;1;
-339.4;-82.3;187.1;306.1;-24.6;68.6;0.795601;-0.59316;0.123206;12.6202;-0.598151;-0.736855;0.315057;23.9218;-0.0960943;-0.324355;-0.941042;372.743;0;0;0;1;
-96.8;189.1;69.5;42.1;273.4;346.1;-0.140808;0.645502;0.750667;137.347;-0.0225496;0.755933;-0.65426;-714.347;-0.98978;-0.109052;-0.0918858;976.957;0;0;0;1;
260.6;-200;325.7;6.4;37.4;-54.8;-0.789472;0.607056;0.0906422;135.438;0.111974;0.287645;-0.951169;-838.56;-0.603486;-0.740772;-0.295062;-254.152;0;0;0;1;
84.4;-276.7;315.1;-194;23.4;-179.5;0.233609;-0.953665;0.189605;65.4624;-0.223808;-0.242503;-0.943982;-586.52;0.946222;0.178088;-0.270089;-471.411;0;0;0;1;
-39.2;332.8;-97.7;312.4;-48.2;2.5;-0.266269;-0.0343896;-0.963285;76.1676;0.38172;-0.921421;-0.0726189;118.595;-0.885094;-0.387041;0.258473;1080.26;0;0;0;1;
134.7;-27.6;280.2;-181;-81.6;-104.5;-0.600502;-0.475243;-0.643072;-284.855;0.767929;-0.118574;-0.629464;-290.021;0.222897;-0.871828;0.436157;1174.53;0;0;0;1;
247.6;38.8;-275.4;-43;-279.1;215.2;-0.325363;-0.332514;0.885197;-7.8821;-0.0904359;-0.920899;-0.379166;160.65;0.941255;-0.20342;0.269555;-377.357;0;0;0;1;
-199.7;341.5;232.4;-234.1;-12.2;-90.2;0.227287;-0.729717;0.644867;-49.3774;0.704374;0.580455;0.408569;-5.39814;-0.672456;0.361366;0.645924;887.18;0;0;0;1;
-71.6;289.4;-6.9;-259.4;-264.7;233.7;-0.0851698;-0.0970038;-0.991633;9.96558;-0.908091;-0.402005;0.11732;278.885;-0.410021;0.910485;-0.0538496;1435.3;0;0;0;1;
-78.9;56.1;63.6;40.6;8.5;232.6;-0.956935;0.20262;-0.207898;5.51235;0.286055;0.780201;-0.55629;67.0792;0.0494866;-0.591804;-0.804562;-593.585;0;0;0;1;
-317;-359.7;-155;180.4;-180.7;-19.4;-0.534921;0.536754;0.652498;129.489;0.0399818;0.787493;-0.615025;-121.851;-0.843955;-0.302902;-0.442707;550.769;0;0;0;1;
-284.1;284.1;-340.6;-199.5;-118.9;317.6;-0.704108;0.686152;-0.18283;86.792;0.673448;0.563615;-0.478336;-443.625;-0.225166;-0.459927;-0.858934;1322.55;0;0;0;1;
232.9;-101.4;156.2;105.2;-118.3;-216.1;0.254331;-0.14969;0.955463;-69.2351;0.0245523;0.98863;0.148351;201.91;-0.966806;-0.0142713;0.255114;569.007;0;0;0;1;
-345.1;27.3;290.5;-134.8;127.9;-334.3;0.030954;-0.326605;-0.944654;774.217;-0.0963507;0.93973;-0.32806;-255.438;0.994866;0.101173;-0.0023802;515.308;0;0;0;1;
316.2;266.2;-60.9;19.7;-53.2;164.8;-0.271764;-0.858509;-0.434865;-391.212;-0.336683;0.508132;-0.792746;-407.563;0.901548;-0.069028;-0.427137;1111.92;0;0;0;1;
-107.7;-153;22.3;-45.5;-332.6;201.7;0.0355809;-0.909946;0.413197;285.379;0.974372;-0.0603057;-0.21671;-815.207;0.222113;0.410318;0.88448;1092.72;0;0;0;1;
152.3;320.6;-17.1;28.9;338.3;224;0.117694;0.948491;-0.294131;-652.054;-0.989567;0.136805;0.0451906;-330.556;0.0831015;0.285744;0.954696;1281.77;0;0;0;1;
-13.6;211.1;339.8;-217.5;-43.8;-138.5;-0.597697;0.63253;-0.49261;-980.097;-0.347894;-0.758202;-0.551451;-272.057;-0.722308;-0.158224;0.673229;802.782;0;0;0;1;
-216.4;-171.6;248.8;-286;53.6;16.7;-0.412381;0.744653;0.524817;348.886;0.474582;0.667337;-0.573963;179.36;-0.777633;0.0123774;-0.628597;-61.7452;0;0;0;1;
317.1;-133.1;-77.2;-246.7;246.7;86.8;-0.584297;-0.423349;0.692367;-518.437;0.0240717;-0.861818;-0.506646;-576.906;0.811183;-0.279365;0.513748;560.671;0;0;0;1;
278.1;356.2;151.1;-59.7;-192.2;178.5;-0.757904;-0.587164;0.284289;46.1329;0.568577;-0.380882;0.729142;226.829;-0.319846;0.71426;0.62252;179.739;0;0;0;1;
359.2;320.1;-3.8;-17.9;-11;-25.6;-0.627531;-0.517703;0.581539;847.362;0.671993;-0.737363;0.0687163;18.4079;0.393231;0.433912;0.810611;1207.1;0;0;0;1;
-296.8;192.6;-174.6;-317;335.2;-1.2;-0.625956;-0.76063;0.172109;4.62565;-0.100931;-0.139821;-0.985019;-60.3083;0.7733;-0.633949;0.0107511;395.943;0;0;0;1;
-95.5;336;187.2;-206.8;267.3;-119.2;0.820912;0.328517;0.467098;31.8205;-0.280148;0.944443;-0.171887;38.9601;-0.497615;0.0102471;0.867338;514.556;0;0;0;1;
27.1;224.3;-35.1;167.2;194.8;-291.3;0.513027;-0.00244159;0.858369;-723.887;0.846073;0.170115;-0.505194;364.432;-0.144788;0.985421;0.0893395;845.445;0;0;0;1;
-106.1;112.8;282.1;-315.1;270.3;-270.2;0.791561;-0.227569;0.567135;-23.977;-0.191988;0.788469;0.584344;289.235;-0.580147;-0.571427;0.580431;-334.395;0;0;0;1;
80.6;269.5;267.2;-283.3;-251.3;-246.7;-0.275129;-0.0496238;0.960126;-3.28207;-0.374707;-0.914159;-0.154622;472.754;0.88538;-0.402307;0.232917;912.761;0;0;0;1;
51.1;-188.1;305.9;93.7;-287.9;138.2;0.0558818;0.727038;0.684319;-409.385;0.358684;-0.654254;0.665806;628.13;0.931785;0.208248;-0.297338;-172.789;0;0;0;1;
-267.5;-23.4;114.2;279.7;-12.9;21.4;0.810099;-0.543961;0.218736;-8.38845;-0.551212;-0.833753;-0.0319684;-568.934;0.199762;-0.0946726;-0.97526;27.9353;0;0;0;1;
-342.4;-345.9;-257.2;-17.4;181.3;297.6;-0.376474;-0.807035;0.454931;382.053;0.865072;-0.481971;-0.13912;-121.676;0.331538;0.341173;0.879593;-141.759;0;0;0;1;
-91.5;292.5;-92.5;-169.4;194.6;-182.3;-0.220541;0.972917;-0.0692457;0.0688092;0.0797173;0.0887355;0.99286;-180.289;0.972115;0.213447;-0.0971281;1052.51;0;0;0;1;
-79.6;-227.6;304.4;-315.3;-150.9;270.3;-0.575145;-0.733526;0.362144;-7.29358;0.801914;-0.593041;0.0723625;-191.943;0.161686;0.332027;0.929309;-432.163;0;0;0;1;
-202;117.5;-277.8;321.2;-291.7;-348.5;0.948755;-0.290552;-0.124275;666.886;0.307261;0.756237;0.577664;318.054;-0.07386;-0.586246;0.806759;109.733;0;0;0;1;
99.3;-342;-11.8;-289.4;297.8;192.5;0.353692;0.23947;-0.904188;-244.516;-0.934212;0.0425116;-0.354177;-1087.49;-0.0463764;0.969973;0.238752;219.903;0;0;0;1;
-50.8;172.6;63.8;-90.8;-347.7;-257.7;-0.345701;0.921372;-0.177666;-549.039;-0.735621;-0.383658;-0.558273;-699.919;-0.582539;-0.0623006;0.810411;799.993;0;0;0;1;
-153.3;-79.1;-325.3;-28.6;111.5;86.5;0.64737;0.758579;-0.0739568;-431.774;0.666592;-0.516464;0.537513;254.491;0.36955;-0.397269;-0.840006;1266.79;0;0;0;1;
6.4;249.1;218.9;-192.1;293.9;285.3;0.0578755;-0.123259;-0.990685;-377.447;-0.978943;0.18758;-0.0805278;26.7466;0.195759;0.974485;-0.109807;412.953;0;0;0;1;
-281.8;309.1;-100.1;-342.4;270.2;-174.6;-0.0887908;0.915571;-0.392231;-48.7834;0.884173;0.253773;0.392221;118.656;0.458644;-0.311974;-0.832056;987.698;0;0;0;1;
-330.9;-133.3;-156.5;17.3;-62.7;358.5;0.0548858;-0.709232;0.702836;-76.8812;-0.155713;-0.701364;-0.695587;18.8282;0.986276;-0.0712626;-0.148931;322.817;0;0;0;1;
-293.1;103.8;171;130.8;-347.1;40.6;0.259714;0.956474;0.133063;-28.2691;-0.961495;0.243297;0.127807;102.517;0.0898701;-0.161133;0.982832;450.951;0;0;0;1;
233.1;-283.1;178.7;125;48.3;-69.9;0.989857;-0.0191279;-0.140777;-5.18884;-0.107768;0.54459;-0.83175;-75.7523;0.0925753;0.838484;0.537004;387.597;0;0;0;1;
-148.6;-305.4;-323.7;287.6;-137.4;187.4;-0.45392;0.720774;-0.523871;-358.804;-0.581233;-0.68514;-0.439035;160.223;-0.67537;0.105204;0.729936;-514.289;0;0;0;1;
212.8;-202;136.5;329.9;-184.4;46.6;0.334586;0.886609;0.319339;287.961;0.941285;-0.298206;-0.158292;-182.9;-0.0451141;0.353551;-0.934327;599.026;0;0;0;1;
-204.8;-155.3;130.5;-1.3;79.3;285.1;0.205205;-0.818554;-0.536526;-15.0033;-0.970286;-0.0983373;-0.221076;-7.12485;0.128203;0.565949;-0.814411;816.899;0;0;0;1;
-2.9;146.2;28.8;-334.7;-83.1;-101.1;-0.199393;0.97971;-0.0202895;-950.29;0.887771;0.171838;-0.427007;-82.1079;-0.414856;-0.103155;-0.904021;-64.6634;0;0;0;1;
65.9;-352.9;-24.2;-115.5;132.1;241.4;-0.108103;-0.394508;-0.912512;362.152;0.0303495;-0.918773;0.393619;-939.382;-0.993676;0.0148573;0.111296;519.297;0;0;0;1;
31.8;200.8;296;-74.7;128.3;-344.3;-0.744846;0.652578;-0.139092;-732.631;-0.298222;-0.512075;-0.805507;382.593;-0.596882;-0.558498;0.576031;265.404;0;0;0;1;
-247.3;-161.8;-329.1;249.2;-192;-153.5;0.344504;-0.846872;-0.405123;305.274;-0.877474;-0.137083;-0.459617;761.881;0.333701;0.513825;-0.790334;881.929;0;0;0;1;
-207.1;-36.8;51.3;283.5;179.2;-229.5;0.0194329;0.515654;0.856577;-805.153;-0.506177;-0.733754;0.453199;-410.503;0.862211;-0.442386;0.246753;658.935;0;0;0;1;
65.7;-183.8;133.9;-265.6;-158.5;-309.2;0.754241;-0.319163;-0.573808;-139.352;-0.102974;-0.920595;0.376699;237.262;-0.648473;-0.225034;-0.727216;722.049;0;0;0;1;
-6.7;124.6;275.2;186.4;226.3;47.3;-0.10803;0.0457449;-0.993095;46.1279;0.669256;0.742028;-0.0386227;12.0335;0.735137;-0.668806;-0.110777;-371.764;0;0;0;1;
67.7;-102;-112;-139.2;183.4;233.5;-0.418148;-0.842693;0.339146;-162.009;0.446505;-0.51581;-0.731145;402.451;0.791066;-0.154297;0.591952;680.054;0;0;0;1;
-266.2;296.1;-288.4;-235.3;42.4;-263.2;0.650898;0.572152;0.498972;-13.1772;0.141058;0.55467;-0.820027;-850.256;-0.745945;0.604138;0.280327;890.023;0;0;0;1;
-28.7;195.3;60;239.8;-24.1;-263.7;-0.979931;0.00507254;-0.199271;-613.507;-0.0644617;-0.954026;0.292711;-304.147;-0.188625;0.299682;0.935207;1110.15;0;0;0;1;
227.5;-318.5;-87.4;1.3;353.2;-28.7;0.138411;0.901513;-0.41002;-560.119;-0.831525;0.330669;0.446344;607.552;0.537966;0.279163;0.795399;485.02;0;0;0;1;
-90.7;-156.3;-264.1;-175.5;-330;322.2;0.548509;-0.835241;0.0388692;5.13128;0.835971;0.548751;-0.00511244;-263.552;-0.0170594;0.0352977;0.999231;1169.38;0;0;0;1;
89;97.7;-282.6;194.2;175.7;118;0.970927;-0.239361;-0.00273621;-10.5239;-0.000839348;0.00802625;-0.999967;480.148;0.239375;0.970897;0.00759199;-231.137;0;0;0;1;
67.6;269.5;-88.8;-3.6;251.5;313.6;0.906949;-0.384169;0.172795;-174.919;-0.333913;-0.90573;-0.261065;436.955;0.256798;0.179074;-0.94973;855.597;0;0;0;1;
93.2;-137.3;6;-349.7;319.7;342;0.183659;-0.980973;-0.0629442;37.2983;0.163173;-0.0327209;0.986055;827.44;-0.969352;-0.191369;0.154058;1158.3;0;0;0;1;
-253.3;187.1;240.7;-123.5;-314.5;233.9;-0.589405;0.290615;-0.753754;27.3503;0.77672;0.460339;-0.429877;255.063;0.222054;-0.838827;-0.497053;-33.9247;0;0;0;1;
207.8;-45.1;-282.5;160.9;-3.4;-252.5;-0.464095;-0.531077;-0.708924;-830.05;-0.885104;0.246636;0.394667;436.02;-0.0347522;0.810634;-0.584521;502.32;0;0;0;1;
-19.7;-274.5;62.4;-85.1;279.7;-122;-0.8372;0.348989;-0.421072;-363.972;-0.315516;0.320665;0.893098;-46.3057;0.446705;0.880557;-0.158349;-473.438;0;0;0;1;
-327.2;-12.8;-355.3;-56;343.6;256.2;0.355101;0.225314;0.907269;976.046;0.189556;0.933004;-0.305897;-610.719;-0.915408;0.280603;0.288601;651.33;0;0;0;1;
-245.3;-66.1;336.1;120.7;-55.8;295.7;-0.332945;-0.463097;-0.821395;-155.436;0.873621;-0.479323;-0.0838755;-205.864;-0.354871;-0.745514;0.564159;1471.61;0;0;0;1;
-40.2;50.9;-20.1;-159.5;287.4;25.4;-0.925014;-0.0788598;-0.37166;611.011;-0.134292;0.982941;0.125672;551.4;0.355409;0.166159;-0.919824;-341.029;0;0;0;1;
-285.7;-7.6;197.5;-208.2;-206.8;-166;-0.455476;-0.785315;0.419311;51.9204;-0.687817;0.0113969;-0.725795;-123.013;0.565199;-0.618991;-0.545344;483.906;0;0;0;1;
-243.5;-9.3;-80.5;178.9;265.6;-303.7;0.757313;0.457686;-0.465834;-280.818;-0.346843;-0.322508;-0.880732;-559.91;-0.553334;0.828561;-0.0854942;998.005;0;0;0;1;
274.1;298.4;43.5;136;-260.5;-115.8;0.656418;0.254676;-0.710109;-4.69705;-0.632435;0.698931;-0.333949;738.04;0.411268;0.668308;0.619857;1138.44;0;0;0;1;
32.1;-145.8;35.3;-134.7;192.2;339.6;-0.731946;-0.479041;0.484534;-511.472;-0.601535;0.78831;-0.129316;333.93;-0.320015;-0.386117;-0.865161;1117.21;0;0;0;1;
-341.9;-208.1;-112.4;-144.8;-7.6;-327.8;-0.0207445;0.730507;0.68259;6.24189;0.976291;0.161938;-0.143636;4.70041;-0.215464;0.663427;-0.716548;-222.251;0;0;0;1;
240.7;-76.1;24.6;-64.7;75.7;35;0.0427382;0.848848;0.526906;-181.72;0.0471293;-0.528514;0.847615;460.172;0.997974;-0.0113928;-0.0625934;1363.59;0;0;0;1;
129.4;49.4;-334.3;266.1;-274.6;148.5;-0.208839;0.526014;-0.824437;-417.505;-0.209608;0.799358;0.563109;-382.616;0.955223;0.290408;-0.0566804;-519.482;0;0;0;1;
322.5;216.8;-55.9;-136.9;-7.3;43.6;-0.551814;0.155956;-0.819255;-777.613;0.830062;0.197659;-0.521466;-591.54;0.0806079;-0.967785;-0.238524;512.745;0;0;0;1;
-35.4;242.1;115.1;359.9;-252.7;-195.6;-0.606944;-0.768822;-0.201322;207.145;-0.75724;0.636339;-0.147174;146.302;0.24126;0.0631222;-0.968405;878.455;0;0;0;1;
196.6;342.8;-43.7;-275.8;-162.1;166;0.00116592;0.830923;0.556386;-702.16;0.981557;-0.107312;0.158206;231.232;0.191164;0.545941;-0.815724;969.728;0;0;0;1;
-243.6;295.8;-270.2;-1.8;-128.9;22.8;0.0356831;-0.991469;0.125363;-322.907;0.979718;0.0594555;0.191355;-654.382;-0.197176;0.115992;0.973482;790.393;0;0;0;1;
-326.9;217.7;-287.9;276.1;-19.1;-202.4;-0.637562;0.645061;0.421201;-196.926;-0.668775;-0.734819;0.113051;159.652;0.382431;-0.209611;0.899894;1310.04;0;0;0;1;
64.6;-56.7;231.6;-351.4;23.7;-135.8;0.816203;0.459203;-0.350637;-103.461;0.123046;0.454806;0.88205;229.557;0.564511;-0.763076;0.31471;812.303;0;0;0;1;
-90.6;205.5;323.5;-335.6;62.5;288.1;-0.803567;0.470848;-0.36412;-20.1557;-0.172455;-0.76968;-0.614697;-1029.16;-0.569684;-0.431156;0.699689;560.021;0;0;0;1;
-171.2;-100.9;270.8;2.4;-16.7;-251.4;0.294833;0.364093;0.883465;644.778;0.897822;-0.422038;-0.125694;-101.893;0.327092;0.830253;-0.451321;788.616;0;0;0;1;
-191.7;-43.1;261.7;-244.7;315.1;-227.3;0.239871;0.943665;0.227942;9.23129;-0.716623;0.0137197;0.697326;51.2561;0.654915;-0.330617;0.679543;1130.3;0;0;0;1;
138.1;205.4;350.4;67.5;121.5;-171.6;-0.818717;0.567397;0.0881054;741.192;-0.169462;-0.0921588;-0.981218;579.73;-0.548621;-0.818271;0.171604;758.527;0;0;0;1;
82.3;-174;131.8;-46.2;-165.4;-347.4;-0.806647;-0.587026;0.0687103;-17.1177;-0.258354;0.454772;0.852312;238.785;-0.531576;0.669763;-0.518501;789.631;0;0;0;1;
178;104;218.1;141.5;-14.3;-79.5;0.295016;-0.354269;-0.887389;-344.995;0.889625;0.440692;0.119824;-0.987115;0.348615;-0.824794;0.445178;236.871;0;0;0;1;
69.5;31.7;36.8;-162.6;-326;-340;0.38648;0.914026;0.123242;263.21;0.572773;-0.133129;-0.808831;-741.034;-0.722886;0.383187;-0.574981;-407.585;0;0;0;1;
-196.8;-300.5;-165.9;-295.2;-327.9;-353.7;0.141846;-0.977482;0.156233;-113.186;0.885735;0.0548595;-0.460938;-75.6519;0.441987;0.203764;0.873572;471.597;0;0;0;1;
-162.5;170.2;211.8;-315;-265.2;-26.8;-0.993491;0.0194063;0.112241;42.9111;-0.0753958;0.626588;-0.775695;-73.2553;-0.0853822;-0.779109;-0.621047;94.9474;0;0;0;1;
-126.5;177.1;16.4;222.5;348.1;68.2;-0.74469;0.511171;0.429116;653.576;-0.557377;-0.122671;-0.821147;-906.012;-0.367107;-0.85068;0.376266;485.282;0;0;0;1;
235.1;166.1;-330.7;-49.7;-195.3;15;0.796624;0.456571;-0.396148;555.599;0.391829;0.108996;0.913559;-766.316;0.460284;-0.882985;-0.0920692;360.13;0;0;0;1;
88;91.4;264;-235.2;146;155.2;-0.392032;-0.814643;0.427396;52.846;0.430491;0.248129;0.867819;-452.234;-0.813012;0.524203;0.253422;-63.0126;0;0;0;1;
-358;309.2;72;-163.8;-346;104.1;0.155628;0.059544;0.986019;949.218;0.859367;-0.500375;-0.105421;-42.0386;0.487102;0.863759;-0.129042;672.226;0;0;0;1;
-300.3;-148.5;-228.6;271.5;-246.2;-133.7;0.0578685;0.180899;-0.981798;-62.4911;0.491729;-0.86104;-0.129666;-37.8401;-0.868823;-0.475275;-0.13878;864.971;0;0;0;1;
-258.2;-155.5;260.6;118.2;-293.1;248.7;-0.50286;-0.465471;0.728333;179.301;-0.859482;0.179793;-0.478504;533.409;0.09178;-0.866609;-0.490474;88.2526;0;0;0;1;
-173.7;159.2;-88.1;-144.3;326.7;76.6;-0.445254;-0.887783;0.11658;305.86;-0.858921;0.38669;-0.335747;-59.4911;0.25299;-0.249625;-0.93471;-350.356;0;0;0;1;
87.9;54.6;-334.9;-8.2;179.4;171.1;0.0230981;0.999707;-0.00717709;16.8315;-0.982287;0.0240298;0.185837;-458.423;0.185955;0.00275748;0.982554;-479.319;0;0;0;1;
-213;181.5;120.2;219;234.9;134.2;0.290249;-0.953938;0.0758852;254.077;-0.780555;-0.281877;-0.557924;113.439;0.553615;0.102704;-0.826415;804.909;0;0;0;1;
-37;294.6;203;-48.4;206.1;174;-0.251022;-0.835968;0.488001;-40.0111;0.55977;0.285931;0.777754;2.4883;-0.789712;0.468402;0.396175;566.982;0;0;0;1;
177.9;307.9;-341.6;-64.3;-76.7;-274.7;0.550358;-0.831489;0.0757067;-770.516;0.435261;0.20835;-0.875864;-102.626;0.712498;0.514991;0.476582;1195.31;0;0;0;1;
-175.7;109.6;101.7;96.2;182.5;68.3;-0.507702;-0.140902;-0.849932;550.996;-0.431532;0.895449;0.109325;-39.1175;0.745667;0.422277;-0.515425;68.1114;0;0;0;1;
-330.1;-89.6;-237.2;272.3;262.2;302.3;-0.806331;-0.423417;0.412976;447.49;0.417958;0.0861363;0.904373;-167.953;-0.418499;0.901831;0.107516;713.837;0;0;0;1;
83.3;266.4;-19.1;-299.4;-17.5;-144.3;0.929193;-0.187895;-0.31827;-52.798;0.326658;0.820356;0.469373;276.902;0.172902;-0.540103;0.823646;1486.36;0;0;0;1;
52.1;162.7;-209.8;-247.8;-245.7;213.5;-0.90618;-0.259138;0.334193;-85.8959;0.301346;0.158746;0.940208;219.719;-0.296696;0.952705;-0.0657622;628.36;0;0;0;1;
286.2;292.2;161.4;304.6;-275;301.9;-0.692984;0.346793;0.632066;116.405;-0.533811;0.342458;-0.773155;167.783;-0.484581;-0.873188;-0.0521962;399.053;0;0;0;1;
247.1;-90.7;51.4;-11.3;222.7;-126.1;-0.863074;-0.430299;0.264473;-134.536;-0.214939;-0.160939;-0.963275;284.275;0.457061;-0.888224;0.0464146;1317.1;0;0;0;1;
274.2;252.6;1.5;-323.1;164.8;-239.2;0.991757;0.0273174;-0.125188;-33.8365;0.084464;-0.874069;0.478403;-282.212;-0.0963545;-0.485033;-0.869171;1349.41;0;0;0;1;
196.4;-254.8;-332.8;-182.8;-336.9;9.7;0.861315;-0.398602;0.315045;454.217;-0.384027;-0.916748;-0.109982;-133.036;0.332656;-0.026257;-0.942683;-617.66;0;0;0;1;
32.9;75.2;-187.6;40.4;44.6;-216.1;0.777501;0.453094;0.436117;-14.7813;-0.590851;0.763795;0.25983;52.8003;-0.215376;-0.459698;0.861563;390.862;0;0;0;1;
-106.2;-29.3;293.3;-304.9;-84.8;-341.7;0.157103;0.285862;0.945305;-43.2824;0.368834;0.870947;-0.324674;379.137;-0.916122;0.399668;0.0313923;1185.47;0;0;0;1;
357;-340.6;-72.4;-94.4;-134.7;-209.7;-0.0175233;0.907216;-0.4203;801.598;0.646842;0.330831;0.687129;100.969;0.762423;-0.259827;-0.592622;596.166;0;0;0;1;
-3.3;-220.6;260.1;358.2;-183.7;-77.9;-0.199713;-0.553621;-0.808467;-46.0882;0.960054;-0.275591;-0.0484407;-2.5021;-0.195988;-0.785846;0.586545;-217.438;0;0;0;1;
336.2;-347.3;27.3;-356.7;-312.9;50.4;0.877171;-0.479624;0.0230617;903.532;-0.480096;-0.875117;0.0606419;405.873;-0.00890364;-0.0642651;-0.997893;-109.717;0;0;0;1;
